-129.000000, -65.000076
-129.000000, -65.000076
-129.000000, -65.000076
-129.000000, -65.000076
-118.314255, -8.398813
-118.317543, -12.428484
-115.313004, -14.412312
-111.316521, -16.334146
-113.318481, -19.371895
-109.315086, -21.355738
-100.317261, -20.363800
-95.316063, -21.355738
-104.315208, -24.331474
-90.312904, -22.347647
-110.315018, -27.369223
-92.315659, -25.385393
-98.319351, -28.361130
-102.319168, -29.353069
-80.317757, -26.315302
-96.314507, -30.344973
-84.316032, -28.361130
-91.311966, -31.336880
-84.314270, -30.344973
-100.321289, -34.374641
-94.315285, -34.312634
-87.321800, -33.320728
-49.322510, -19.371895
-81.316658, -33.320728
-58.324181, -26.315302
-93.315277, -37.350395
-64.316338, -30.344973
-79.315331, -35.304558
-73.316414, -34.312634
-86.321510, -38.342304
-44.328125, -23.339550
-64.315735, -33.320728
-78.317146, -38.342304
-66.320442, -35.304558
-41.325676, -25.323397
-72.317802, -38.342304
-85.315231, -41.380051
-30.332993, -19.371895
-45.326401, -30.344973
-49.317917, -32.328819
-64.319191, -38.342304
-70.313812, -40.326149
-58.320084, -37.350395
-54.322021, -36.358475
-74.319901, -42.309963
-81.321640, -44.355804
-63.316994, -40.326149
-43.323593, -33.320728
-26.341721, -24.331474
-50.320526, -37.350395
-36.330597, -31.336880
-32.329361, -29.353069
-12.414482, -12.428484
-70.318703, -44.355804
-78.313721, -46.339630
-59.315002, -42.309963
-33.326599, -32.328819
-37.336777, -34.312634
-47.324181, -39.334209
-28.348602, -31.336880
-26.333542, -30.344973
-22.352097, -28.361130
-60.322273, -44.355804
-40.323196, -38.342304
-15.373642, -25.385393
-46.319885, -41.318054
-29.342239, -34.312634
-70.319969, -48.323479
-8.324837, -20.363800
-3.307243, -16.396143
-6.615486, -20.363800
-50.324234, -44.355804
-41.322311, -41.318054
-63.316818, -48.323479
-16.386589, -30.344973
-19.333328, -32.390800
-55.323608, -47.331543
-31.339600, -39.334209
-8.500259, -26.377317
-35.328720, -41.318054
0.821655, -18.070007
-45.321442, -45.347721
2.463028, -17.140081
-65.326004, -51.361210
-20.342819, -36.358475
-58.324745, -50.307285
-15.351105, -34.312634
-52.322144, -49.315380
-35.329041, -44.355804
-40.330566, -46.339630
-29.341423, -42.309963
-45.316368, -48.323479
-21.343864, -40.326149
-6.550781, -32.328819
-47.330154, -50.307285
-15.362915, -38.342304
-57.316879, -53.345051
-37.324234, -48.323479
-28.341995, -45.347721
-2.428230, -32.390800
-10.425110, -37.350395
-18.346283, -42.309963
-42.327728, -51.299225
-48.328827, -53.345051
-27.325203, -47.331543
-32.337738, -49.315380
-19.362717, -45.347721
7.090637, -30.344973
5.587402, -32.328819
2.869812, -34.374641
-38.323792, -53.345051
-4.732704, -40.326149
4.845810, -35.304558
-23.349014, -49.315380
-16.353409, -47.331543
-41.331451, -56.320805
-11.378006, -46.339630
6.688828, -37.350395
11.349838, -35.304558
-34.335098, -56.320805
-21.336411, -52.353127
2.793259, -42.371975
-26.350952, -55.328884
13.399643, -37.288383
20.403900, -32.328819
-11.404663, -51.299225
-16.365631, -53.345051
4.489136, -45.347721
6.581070, -44.293808
-22.343025, -57.312710
-7.385841, -52.291134
-9.424805, -54.336960
9.468964, -46.339630
22.367645, -39.334209
3.788193, -50.369301
7.449158, -49.315380
-4.510872, -55.328884
-13.391663, -59.358536
-8.404106, -58.304615
13.372437, -50.307285
-0.766685, -57.312710
5.455032, -55.328884
29.365448, -43.301884
21.341782, -49.315380
14.380371, -53.345051
2.716324, -59.296558
26.332596, -49.315380
17.364517, -55.328884
11.419037, -58.366631
24.339340, -53.345051
46.314819, -42.309963
53.319977, -37.350395
20.386780, -58.304615
19.331116, -60.350456
26.345642, -58.304615
44.324020, -50.307285
34.335709, -57.312710
41.326721, -54.336960
46.329376, -54.336960
68.319992, -40.326149
52.321701, -52.353127
69.325195, -44.293808
67.309464, -46.339630
63.321777, -51.361210
70.318146, -49.315380
88.312134, -37.350395
82.316650, -43.301884
93.318848, -38.342304
104.312363, -28.361130
115.318726, -22.347647
-129.000000, -65.000076
-129.000000, -65.000076
-129.000000, -65.000076
-129.000000, -65.000076
-121.317574, -3.625221
-112.314606, -9.452732
-108.313087, -13.358409
-105.309685, -16.334146
-106.314781, -18.379986
-94.315353, -17.388065
-88.315277, -16.334146
-92.310867, -20.363800
-98.314499, -23.339550
-77.315224, -18.379986
-84.316582, -21.355738
-80.315697, -21.355738
-85.319283, -25.323397
-92.315720, -28.361130
-65.316742, -19.371895
-74.315872, -24.331474
-51.320366, -9.390720
-61.319061, -20.363800
-78.312584, -28.361130
-64.317253, -24.331474
-71.320724, -28.299149
-64.317352, -26.315302
-49.323593, -18.317976
-76.317093, -32.328819
-51.319931, -22.347647
-85.317245, -35.304558
-58.321068, -28.361130
-49.317139, -24.331474
-69.317383, -33.320728
-52.323669, -27.307226
-42.325981, -22.347647
-59.322243, -31.336880
-53.322754, -30.344973
-48.322464, -28.361130
-33.336411, -19.371895
-62.315628, -35.304558
-53.321609, -32.328819
-26.346565, -15.342224
-44.319962, -29.353069
-36.333313, -25.323397
-29.335571, -21.355738
-27.338715, -20.363800
-50.320969, -34.312634
-38.329025, -29.353069
-34.338699, -27.307226
-20.357399, -16.334146
-40.330467, -31.336880
-31.331627, -27.369223
-21.346603, -20.363800
-16.377480, -15.342224
-27.339691, -26.315302
-10.418045, -8.460810
-11.433517, -11.498556
-66.315811, -43.363880
-54.319191, -40.326149
-13.402954, -17.388065
-23.352180, -26.315302
-17.369225, -22.347647
-15.332619, -21.355738
-19.346649, -25.323397
-16.365570, -23.339550
-19.356659, -26.377317
-10.416008, -18.379986
-10.436409, -19.309898
-35.323273, -36.358475
-11.446869, -21.355738
-23.340652, -31.336880
-18.348175, -28.361130
-3.721909, -14.412312
-2.433823, -14.660281
-0.791351, -12.242496
-20.362579, -31.336880
-13.371971, -27.369223
-28.332748, -36.358475
-24.332245, -34.312634
-14.359009, -29.353069
0.214737, -16.148159
1.919815, -13.606380
-7.410599, -25.385393
-4.836945, -23.401566
3.032394, -15.900190
4.926895, -12.800446
-25.332497, -38.342304
0.041992, -20.859770
-10.403366, -30.344973
-8.427437, -29.353069
-2.941475, -25.385393
-11.388916, -32.328819
-4.473358, -28.299149
2.769669, -22.595631
0.726837, -24.889439
7.782303, -17.636034
6.102905, -20.487793
-4.670052, -30.344973
5.722473, -22.595631
7.902283, -21.417721
12.940842, -14.722295
-8.438637, -35.304558
-24.340271, -43.301884
4.643051, -27.307226
8.874420, -24.331474
2.007812, -30.530951
-11.422493, -39.334209
-3.930176, -35.366550
1.125153, -32.576790
-14.380676, -42.309963
-6.550262, -38.342304
12.432846, -25.447390
10.494507, -28.361130
-11.404160, -43.301884
-31.318443, -51.299225
1.757889, -36.544460
-2.805710, -39.334209
19.535080, -22.409641
7.863632, -34.312634
-6.457680, -43.301884
-1.190933, -41.380051
25.329193, -20.363800
13.352554, -33.320728
-16.375366, -50.307285
-3.683411, -45.347721
27.331360, -23.401566
0.217133, -44.417797
-7.448479, -48.323479
23.336426, -30.406969
-3.271660, -48.323479
-0.672356, -47.331543
19.437241, -36.296478
18.368576, -38.342304
-16.371918, -55.328884
1.680618, -48.385456
-2.008858, -51.299225
34.331558, -29.353069
27.305008, -36.296478
30.355026, -34.374641
18.437195, -43.301884
0.795166, -53.345051
16.376602, -46.339630
25.336136, -42.309963
45.309174, -26.315302
8.422577, -53.345051
42.335114, -32.328819
41.317703, -34.374641
34.325775, -41.318054
28.337982, -46.339630
10.365662, -56.320805
44.309967, -37.350395
58.324066, -24.393471
31.341843, -49.315380
36.329010, -47.331543
62.327881, -27.307226
58.321243, -33.320728
31.334137, -53.345051
51.327362, -42.309963
63.321625, -34.312634
51.323685, -45.347721
48.324524, -49.315380
71.313721, -32.328819
54.327942, -49.315380
79.316101, -27.307226
73.317047, -38.342304
61.316971, -48.323479
79.318619, -36.296478
76.314392, -41.318054
78.316376, -44.355804
90.319382, -35.304558
86.313812, -40.326149
98.317749, -35.366550
110.315765, -25.323397
121.320358, -11.374565
-129.000000, -65.000076
-129.000000, -65.000076
-129.000000, -65.000076
-129.000000, -65.000076
-112.312706, -6.476980
-104.313629, -6.538961
-103.313385, -10.444639
-98.314880, -13.358409
-100.313248, -17.326067
-93.313004, -15.342224
-83.313728, -13.358409
-87.314575, -18.379986
-82.314720, -18.379986
-70.317833, -12.366472
-74.313904, -17.388065
-74.315147, -20.363800
-65.317116, -16.334146
-78.314949, -23.339550
-53.326202, -7.406907
-66.318771, -20.363800
-48.326416, -4.555147
-56.324646, -17.326067
-69.315414, -25.323397
-51.323387, -16.334146
-53.321503, -18.379986
-54.319839, -21.355738
-44.322762, -14.350317
-70.317650, -30.344973
-46.323318, -19.371895
-51.325089, -23.339550
-46.326172, -21.355738
-42.327660, -19.371895
-50.322006, -25.323397
-31.332939, -10.382658
-40.324722, -21.355738
-36.334595, -18.379986
-46.322716, -26.315302
-38.328568, -22.347647
-29.335342, -15.342224
-57.318848, -33.320728
-41.325989, -26.377317
-36.325790, -23.339550
-32.337387, -22.347647
-27.344940, -18.317976
-23.346642, -15.342224
-21.354393, -13.358409
-31.328651, -24.331474
-24.354103, -19.371895
-27.337852, -22.347647
-21.353767, -18.379986
-23.334206, -20.363800
-24.348557, -22.347647
-14.372673, -11.374565
-15.378807, -13.420390
-18.354591, -18.379986
-9.889053, -6.105004
-9.047096, -5.113097
-44.325607, -36.358475
-28.336426, -28.361130
-11.402824, -14.350317
-12.421410, -16.396143
-5.990692, -7.034930
-6.181686, -7.964856
-12.460571, -19.371895
-10.438103, -17.388065
-5.747726, -11.498556
-6.565948, -13.420390
-7.532875, -16.396143
-4.788223, -12.552475
-5.533585, -14.350317
-7.516899, -18.379986
-12.382523, -23.339550
-2.469215, -12.738449
-1.020844, -11.250573
-0.441109, -10.382658
-8.428558, -22.347647
-12.341354, -26.315302
-8.457184, -23.401566
-5.624641, -21.417721
-1.915260, -17.574053
-0.668571, -16.768120
2.989502, -12.180499
1.989212, -15.218232
-1.186424, -19.681860
-2.669296, -21.541712
6.111359, -10.196655
4.317322, -14.598303
6.561539, -11.126581
2.361816, -18.875925
-1.662621, -23.525555
0.363190, -22.781601
2.330704, -20.797773
-2.919197, -26.377317
4.929581, -19.495886
3.489243, -21.479717
12.774231, -8.894783
13.543106, -7.034930
-1.211220, -28.485123
10.089447, -17.512043
8.749512, -19.433889
14.496399, -12.614457
-1.003830, -30.468966
2.002396, -28.547132
5.917480, -25.323397
13.756393, -18.503963
15.564133, -15.900190
4.125778, -29.415051
9.012573, -26.315302
-0.745682, -34.498638
20.381378, -13.668376
13.420273, -23.401566
18.541962, -19.433889
17.428482, -21.355738
21.442184, -16.520134
-9.369606, -42.309963
13.465057, -28.361130
9.830124, -31.398893
26.346054, -14.784273
13.372040, -30.344973
19.590134, -25.385393
1.559448, -39.458202
29.353851, -15.404235
31.360779, -13.420390
15.495819, -32.328819
4.803284, -40.326149
30.330200, -19.619879
9.570160, -39.334209
28.343185, -25.385393
30.359406, -23.401566
8.450241, -41.318054
27.343643, -29.353069
14.369125, -39.334209
22.408081, -34.374641
35.321335, -23.339550
12.373352, -43.301884
16.363922, -41.318054
36.336777, -27.369223
32.356522, -31.398893
41.326309, -23.339550
40.325714, -26.377317
51.327118, -11.498556
28.328842, -39.334209
31.357666, -38.280308
49.328064, -21.355738
24.311310, -45.347721
46.328171, -28.361130
55.322693, -18.317976
39.314117, -38.280308
46.331818, -32.328819
35.340134, -43.363880
46.332672, -36.296478
67.323669, -5.547054
51.319275, -34.312634
41.322571, -43.363880
66.323364, -21.355738
61.325348, -30.344973
37.333420, -50.307285
68.321930, -26.377317
66.319458, -30.344973
57.322510, -41.318054
63.324310, -37.350395
74.315170, -29.353069
58.317612, -45.347721
83.314697, -23.339550
89.317352, -18.379986
90.314972, -22.347647
85.313583, -30.344973
80.318298, -39.334209
91.311035, -31.336880
93.318634, -29.353069
102.316605, -23.401566
98.314407, -30.344973
111.313110, -20.363800
121.311157, -4.679124
-129.000000, -65.000076
-129.000000, -65.000076
-129.000000, -65.000076
-129.000000, -65.000076
-115.312843, -3.625221
-98.314590, -6.414984
-97.311562, -9.390720
-92.314262, -11.374565
-83.314552, -9.390720
-88.314178, -13.420390
-75.316292, -8.398813
-81.313240, -15.342224
-75.314201, -14.350317
-64.319481, -8.398813
-69.315529, -14.350317
-69.318268, -17.388065
-62.320015, -13.358409
-59.318893, -12.366472
-51.323524, -4.555147
-69.318787, -22.347647
-47.325180, -3.501228
-53.324326, -15.342224
-61.316978, -22.347647
-57.320740, -20.363800
-41.326401, -3.625221
-41.327858, -10.382658
-38.328003, -7.406907
-56.317299, -24.331474
-42.324303, -16.334146
-42.322609, -17.388065
-38.331764, -14.350317
-38.339737, -16.396143
-35.326492, -13.358409
-36.323502, -16.334146
-29.334961, -9.390720
-32.334755, -14.350317
-36.331421, -20.363800
-28.337029, -12.366472
-27.334526, -13.358409
-30.339958, -17.326067
-32.328918, -20.363800
-23.346474, -11.436561
-21.355339, -8.398813
-25.339661, -16.396143
-19.351173, -10.382658
-24.341988, -18.379986
-23.350586, -17.326067
-16.376137, -8.460810
-20.348267, -15.342224
-17.361946, -12.366472
-18.368889, -14.350317
-14.376534, -9.452732
-12.475433, -6.786946
-12.391098, -8.522805
-17.351433, -17.388065
-9.224838, -3.315240
-8.906593, -4.245166
-19.354836, -21.355738
-21.353310, -23.339550
-8.601341, -8.708779
-9.450745, -12.428484
-8.557938, -11.498556
-5.189507, -5.671046
-9.408936, -15.342224
-8.492676, -14.412312
-5.688408, -10.568631
-3.505775, -8.956763
-5.574509, -13.420390
-3.494293, -9.886689
-4.111526, -11.560537
-6.531471, -17.388065
-4.876335, -15.404235
-1.865707, -11.002588
0.265808, -8.894783
0.674973, -8.026836
-4.733788, -18.441969
-2.257294, -15.528227
-3.867180, -19.433889
3.100159, -8.770790
2.074417, -12.242496
3.350296, -10.444639
5.462646, -7.220903
4.076660, -11.312570
3.963699, -12.180499
3.027634, -14.040350
7.163544, -7.592879
7.962265, -9.018760
7.155701, -12.180499
6.486313, -13.730371
5.349380, -15.652204
6.363449, -14.722295
5.258194, -17.574053
9.110931, -12.800446
9.765610, -11.622550
7.891006, -15.652204
13.755920, -4.121174
13.610626, -5.237089
0.509995, -26.687281
14.491959, -7.778867
14.519226, -9.638705
12.865799, -16.458138
11.595963, -18.503963
9.256592, -22.409641
11.173615, -20.487793
19.355042, -6.476980
19.394455, -7.964856
18.475906, -12.552475
14.684219, -19.495886
12.462311, -22.409641
7.089462, -28.361130
23.436234, -6.538961
23.427887, -8.770790
22.345901, -11.870534
22.419754, -14.536289
-0.997337, -37.474373
15.502274, -26.377317
18.396286, -23.463547
21.443726, -20.425814
28.352631, -8.646797
28.379028, -12.862441
18.472244, -27.369223
16.410583, -29.353069
31.355209, -11.560537
23.361389, -25.385393
19.418549, -30.344973
31.366455, -17.388065
24.290924, -28.361130
17.352783, -34.374641
37.340881, -12.428484
35.324875, -16.582130
33.334808, -21.355738
30.383453, -27.307226
33.321350, -24.455465
40.330048, -14.536289
27.327454, -33.320728
39.326996, -21.355738
42.338867, -18.441969
38.331375, -24.331474
47.322327, -12.428484
44.329773, -21.355738
52.331207, -6.538961
39.309723, -30.344973
37.322495, -33.320728
48.320740, -24.331474
36.302979, -36.358475
49.323532, -25.323397
52.325424, -24.331474
49.322723, -29.353069
51.326843, -27.307226
40.331375, -40.326149
53.311462, -29.353069
68.324005, -2.509306
54.325378, -31.336880
48.334320, -39.334209
71.318649, -6.476980
65.312256, -24.331474
43.325272, -46.339630
70.316345, -22.347647
75.314636, -16.396143
60.316620, -38.342304
73.310822, -26.315302
78.322067, -22.347647
64.314011, -41.318054
84.315765, -20.363800
76.310440, -33.320728
94.307678, -0.959434
87.314972, -27.307226
86.315399, -33.320728
96.313812, -21.355738
96.318268, -26.315302
101.314270, -21.293728
111.311737, -11.374565
112.312256, -15.404235
125.323303, -3.873205
-129.000000, -65.000076
-129.000000, -65.000076
-129.000000, -65.000076
-129.000000, -65.000076
-110.310753, -4.555147
-104.309525, -3.625221
-92.313072, -7.406907
-88.314293, -8.398813
-85.313408, -6.414984
-86.315575, -12.366472
-72.315010, -5.485058
-78.316551, -12.366472
-68.318886, -9.390720
-64.318092, -4.493135
-66.316841, -11.374565
-62.318863, -10.382658
-58.322533, -9.390720
-58.320862, -10.382658
-51.323639, -2.013353
-61.315491, -17.326067
-51.326263, -12.428484
-50.323303, -11.374565
-48.326202, -13.358409
-50.320419, -15.342224
-44.321747, -12.366472
-46.326324, -15.342224
-40.330994, -8.460810
-45.322693, -17.388065
-42.322350, -15.342224
-36.335526, -9.390720
-36.338074, -12.366472
-33.339859, -9.390720
-31.331039, -9.390720
-32.347183, -11.374565
-28.337532, -7.406907
-32.335075, -15.404235
-33.330566, -17.326067
-26.334892, -10.382658
-24.345749, -7.468888
-24.344757, -9.390720
-25.337090, -13.358409
-23.344414, -10.382658
-20.348282, -7.468888
-21.350845, -10.382658
-17.394966, -3.811194
-18.352776, -7.468888
-19.364090, -11.374565
-16.374245, -7.468888
-16.374237, -9.452732
-17.363060, -11.374565
-15.367699, -10.382658
-13.414993, -7.530899
-11.594521, -5.733027
-11.451355, -7.530899
-12.454819, -10.444639
-10.631973, -7.034930
-9.552567, -2.385329
-16.344315, -19.371895
-7.977684, -5.981012
-7.818863, -6.848942
-8.523674, -10.444639
-7.697624, -8.646797
-5.798012, -4.245166
-7.520462, -12.428484
-5.862564, -9.700716
-5.030472, -8.956763
-4.075188, -6.414984
-3.502220, -8.026836
-2.619888, -8.956763
-2.581306, -9.886689
-3.173370, -11.684531
-3.776642, -13.482386
-0.877220, -9.390720
1.107224, -5.361065
0.800659, -7.158922
0.490723, -10.630628
0.225815, -12.490465
-0.228081, -14.288321
3.601074, -6.972934
3.338654, -7.840864
4.038589, -8.646797
5.720367, -5.361065
5.319305, -9.204748
6.139023, -8.398813
7.573318, -4.989104
7.389343, -6.662953
8.500305, -3.377236
8.150757, -7.220903
7.451477, -11.126581
8.934952, -8.336818
9.876694, -6.105004
8.933411, -10.754620
10.219406, -8.956763
9.922882, -10.010681
9.114014, -13.978341
13.854248, -1.331411
13.833908, -2.323318
3.359924, -24.579460
15.559387, -4.431155
15.455200, -7.778867
16.446747, -5.733027
15.519867, -10.816616
15.561859, -12.118503
15.487976, -13.606380
19.365829, -4.431155
19.408020, -5.361065
18.438156, -10.940608
17.634995, -14.660281
16.681946, -17.636034
14.785477, -21.417721
23.404053, -5.237089
24.407242, -7.158922
25.361481, -3.687202
24.325790, -9.824694
15.568085, -24.331474
24.386612, -13.544382
25.402328, -12.490465
24.338531, -16.644127
28.361664, -11.560537
30.380966, -7.158922
22.357941, -23.401566
33.325684, -1.331411
32.343201, -8.150828
27.407471, -21.417721
33.353561, -11.622550
36.349808, -7.592879
25.407379, -27.307226
32.363708, -19.309898
35.328583, -15.404235
39.313110, -8.460810
35.353271, -20.363800
40.318787, -13.420390
41.328125, -11.436561
39.333359, -19.371895
30.325653, -30.344973
43.334564, -15.342224
44.326599, -16.396143
47.325439, -10.506636
49.331909, -7.468888
45.323883, -18.379986
53.301987, -1.517384
41.343124, -28.361130
45.327164, -24.331474
52.323441, -17.326067
55.317642, -10.444639
58.336105, -5.175077
57.321869, -13.420390
57.332153, -15.466218
55.326767, -22.347647
62.318848, -14.474309
55.322021, -27.307226
68.323395, -0.773461
63.315048, -20.363800
59.312531, -28.361130
73.313293, -1.703387
69.318756, -18.379986
57.314056, -36.358475
72.320038, -20.363800
76.319641, -13.358409
78.316223, -18.317976
75.321472, -24.331474
81.317688, -17.388065
70.315231, -35.366550
86.317719, -16.396143
78.321777, -31.336880
94.309631, 1.768333
93.315338, -14.350317
91.315613, -25.323397
100.314636, -16.396143
103.312683, -13.420390
105.316940, -17.388065
111.313995, -8.460810
115.312439, -13.420390
122.311050, -1.517384
-129.000000, -65.000076
-129.000000, -65.000076
-129.000000, -65.000076
-129.000000, -65.000076
-112.310402, -1.269415
-95.313087, -2.633298
-93.314751, -4.493135
-90.313721, -6.414984
-81.315392, -5.423062
-80.314079, -7.468888
-74.316429, -3.563210
-75.314308, -10.382658
-67.315895, -6.414984
-62.313179, -0.029508
-63.319229, -6.414984
-60.320129, -7.468888
-57.316055, -8.398813
-54.320602, -5.547054
-51.322372, -1.145423
-57.320953, -14.350317
-47.333115, -0.401485
-49.319466, -10.382658
-45.324722, -9.390720
-47.323151, -12.366472
-40.324837, -1.145423
-40.331711, 0.714415
-38.328598, -3.687202
-40.330978, -12.366472
-36.332993, -8.398813
-34.335281, -6.476980
-36.334991, -11.374565
-32.336296, -8.398813
-31.327354, -7.406907
-28.338013, -4.493135
-27.346268, -1.021430
-27.348465, -2.819287
-26.341293, -8.398813
-24.349411, -4.555147
-23.339722, -6.476980
-22.350708, -3.563210
-21.357567, -3.625221
-21.342209, -5.485058
-20.357857, -6.476980
-19.353874, -6.476980
-17.410904, -2.509306
-18.343079, -9.390720
-16.392616, -5.609050
-15.505966, -3.253245
-15.364738, -6.538961
-14.470596, -3.873205
-13.416451, -5.733027
-12.731697, -4.431155
-11.253174, -2.385329
-11.071358, -3.315240
-10.843498, -4.369143
-10.708618, -5.361065
-8.674156, -2.323318
-14.368393, -16.396143
-7.504486, -3.253245
-7.118889, -4.741120
-6.983887, -6.414984
-5.149673, -0.649469
-5.036583, -1.703387
-5.291351, -8.088848
-4.921127, -7.220903
-3.074219, -3.315240
-3.137299, -5.919030
-2.212402, -5.175077
-2.102158, -6.724965
-2.032349, -7.530899
-2.765671, -10.816616
-1.704086, -8.460810
0.454773, -4.369143
1.339722, -4.431155
2.407852, -2.385329
1.770691, -7.096926
2.088409, -6.167000
1.450562, -10.506636
1.440338, -11.498556
4.821442, -5.237089
4.554474, -6.910938
5.828705, -3.377236
6.036057, -2.447310
6.477448, -6.786946
7.643753, -3.191248
7.848541, -2.261337
8.696365, 1.148387
8.785965, -0.649469
8.979080, -5.795038
9.037064, -7.530899
10.963486, -4.369143
10.795578, -6.105004
10.709518, -7.034930
10.758392, -8.026836
10.887314, -10.692623
13.900650, -0.401485
11.740631, -13.296398
10.390289, -15.652204
15.639725, -3.253245
16.570694, -2.943279
16.410461, -9.638705
17.416718, -6.910938
17.396301, -8.026836
17.421524, -9.638705
19.464874, -2.881268
20.420166, -3.501228
19.391388, -10.630628
20.407501, -8.708779
20.444061, -9.886689
18.778946, -16.148159
23.365860, -3.625221
24.358444, -4.865112
25.424026, -2.447310
26.367355, 0.466445
21.419144, -18.441969
26.380707, -10.630628
28.354843, -4.989104
29.365112, -5.795038
30.328781, -5.919030
26.421326, -18.441969
23.465805, -22.409641
33.339630, 2.078298
33.352386, -5.857019
29.342438, -17.512043
34.371841, -9.638705
37.311874, -2.199326
36.353928, -9.452732
37.333572, -10.506636
36.332291, -13.420390
40.322113, -4.741120
39.327545, -10.444639
42.330292, -4.245166
42.329453, -6.662953
40.304565, -16.396143
43.335068, -9.514712
44.338654, -12.428484
46.334244, -9.452732
48.325226, -5.547054
49.345947, -3.811194
47.328461, -16.334146
51.312683, -4.989104
48.332199, -19.371895
52.333557, -14.350317
55.315491, -6.476980
52.320709, -19.433889
57.323013, 9.393685
59.314301, -9.452732
56.334625, -19.371895
60.318466, -12.428484
63.316681, -10.382658
65.319031, -12.428484
68.316864, 0.838407
67.321472, -11.374565
66.317230, -16.396143
71.318939, 8.401778
70.317719, -16.396143
74.316071, -11.374565
77.319733, -8.522805
79.311188, 0.962399
76.308731, -20.363800
80.318222, -14.350317
85.316895, -11.374565
85.313431, -14.350317
89.312393, -5.485058
89.311798, -8.522805
92.310608, 11.377529
95.310425, -4.679124
96.315033, -18.379986
99.313309, -11.374565
103.313293, -8.460810
105.315308, -11.374565
110.309235, -0.277493
116.313965, -10.382658
122.308868, 1.396356
-129.000000, -65.000076
-129.000000, -65.000076
-129.000000, -65.000076
-129.000000, -65.000076
-119.311897, -0.711450
-102.313202, -1.889361
-90.313477, -1.951357
-87.314369, -3.501228
-82.314384, -2.695294
-76.317245, -5.485058
-71.315491, -2.633298
-72.316063, -7.406907
-67.316483, -2.695294
-62.321289, 1.768333
-61.317276, -5.485058
-58.318863, -6.476980
-55.321342, -4.555147
-54.319359, -3.501228
-51.328751, 0.466445
-55.320343, -12.366472
-48.317657, 1.706337
-48.323341, -8.398813
-44.327332, -3.563210
-46.323143, -11.374565
-44.320068, -8.398813
-38.326645, -1.951357
-37.324341, 0.218461
-36.333267, -2.757291
-35.339912, -5.485058
-34.332077, -4.493135
-32.333488, -5.485058
-31.336250, -3.687202
-30.339188, -3.563210
-29.339996, -5.485058
-27.332703, -0.091519
-30.338432, -12.366472
-25.330124, -3.625221
-23.349510, -2.013353
-23.346802, -2.943279
-22.397804, -1.517384
-21.414795, -0.649469
-20.357315, -3.625221
-19.356277, -4.555147
-19.357285, -5.485058
-17.438606, -1.579395
-16.528023, -1.827365
-16.377090, -4.617128
-14.766136, -0.215512
-14.775269, 0.714415
-13.817978, -2.633298
-13.619690, -4.741120
-12.632462, -3.625221
-11.387802, -1.393392
-10.502655, -1.517384
-9.589439, -1.393392
-9.498039, 0.528441
-8.667633, -1.331411
-12.432991, -14.412312
-6.855354, -0.525477
-6.841721, -1.517384
-6.582329, -3.377236
-5.086617, 1.210383
-5.092949, 2.202290
-3.965462, -3.315240
-4.065346, -5.051085
-3.135338, -2.385329
-2.167419, -3.315240
-2.230965, -4.245166
-1.271957, -2.509306
-1.286064, -4.431155
-0.422806, -5.423062
-0.345512, -6.352988
0.598923, -2.447310
0.611633, -3.377236
1.544510, 0.466445
2.890381, -5.175077
3.137054, -4.245166
1.854523, -9.576724
2.990906, -6.105004
5.277618, -1.393392
4.998337, -4.245166
6.159195, -1.455403
6.197922, -0.525477
6.665482, -5.113097
6.831268, -4.183171
7.826050, -1.331411
8.791931, 2.140309
8.671921, 3.938150
9.252640, -4.927108
11.132339, -2.881268
11.363113, -1.207419
11.416031, 1.272364
11.780197, -5.671046
11.673965, -6.600973
12.642456, -5.981012
13.951706, 0.528441
14.037277, 2.388279
12.548080, -11.684531
15.707245, -0.649469
16.638519, -1.331411
17.589523, -0.649469
17.512833, -3.625221
17.524277, -5.299069
18.482849, -3.439233
19.559647, -1.455403
19.591003, -0.029508
20.462296, -2.075334
21.384811, -6.848942
22.433990, -4.679124
21.376724, -10.630628
25.372192, -1.207419
25.440704, 0.342453
25.424454, 1.706337
25.325943, 2.698259
26.390533, -8.150828
28.392944, -2.385329
28.352600, -3.687202
29.346024, 3.690166
30.428284, 0.590422
31.365921, -1.703387
30.320084, -9.576724
32.372162, 5.735991
34.308533, -0.029508
31.362106, -15.404235
35.381073, -4.121174
36.373276, -0.897453
37.365173, -5.857019
38.329086, -7.468888
39.334930, -6.786946
40.351471, -1.889361
41.335297, -2.819287
36.368851, -18.379986
44.323944, -0.773461
44.332565, -2.075334
44.321777, -7.530899
45.348694, -4.989104
47.339111, -6.724965
49.309738, 3.504193
50.329712, -2.013353
48.336182, -14.412312
53.373642, 1.644341
52.329819, -10.444639
55.323975, -4.059178
56.324921, -1.393392
56.319244, -11.436561
56.319092, 13.423355
60.317093, -3.687202
61.323929, -6.476980
61.323013, -7.716872
64.327759, -4.803116
59.324875, -22.347647
67.323532, 6.479944
69.324646, 2.512271
68.321457, -13.420390
70.318268, 11.377529
71.320770, -14.350317
74.315247, -7.530899
76.319977, -6.414984
77.317535, 10.385608
80.318024, -11.374565
83.314163, -7.468888
86.321045, -1.703387
86.312714, -6.476980
89.314438, -0.649469
90.313965, -12.366472
94.319351, 9.393685
96.313110, -9.390720
97.315475, -14.350317
102.306305, -2.509306
103.312531, -5.609050
108.319550, -5.671046
111.322968, 2.388279
117.312897, -6.476980
124.323914, 4.062142
-129.000000, -65.000076
-129.000000, -65.000076
-129.000000, -65.000076
-129.000000, -65.000076
-106.313492, -0.711450
-97.311455, -0.959434
-91.312073, -0.277493
-84.315201, -0.835442
-79.312111, -2.757291
-74.318626, -1.765368
-72.315636, 0.218461
-68.317390, -4.493135
-64.318932, -2.571302
-62.320541, 3.690166
-61.320030, -3.501228
-58.322128, -4.431155
-56.322189, -3.501228
-54.317123, -1.269415
-51.318634, -6.476980
-53.326973, -10.382658
-48.321320, 4.496100
-47.322647, -6.476980
-44.323669, -0.897453
-44.322258, -7.406907
-40.330078, 3.504193
-40.339119, -6.414984
-38.340843, -0.401485
-36.338623, -1.021430
-34.336601, -2.633298
-33.327591, -3.501228
-32.320969, 0.032473
-31.341866, -1.889361
-29.347359, -0.959434
-28.335899, -1.951357
-28.326958, 1.024395
-28.338203, -10.382658
-25.333984, -1.889361
-24.356384, 1.024395
-23.361038, -0.773461
-22.384659, -0.339489
-21.369637, 1.148387
-20.373314, -2.075334
-19.365578, -3.563210
-18.368233, -2.757291
-17.614227, 0.094484
-16.489899, -0.897453
-15.639000, -1.641376
-14.764572, 2.512271
-13.915359, -1.641376
-13.898544, 2.202290
-12.987564, -2.013353
-12.235092, -0.711450
-11.323700, 0.404449
-10.464165, -0.525477
-9.512077, -0.463481
-9.463417, 2.202290
-9.609406, -7.716872
-7.806076, -2.385329
-9.546646, -9.514712
-6.828918, 1.396356
-5.712273, -3.315240
-5.815857, 3.194213
-4.958412, 3.194213
-4.245201, -0.587473
-4.078232, -2.385329
-3.318787, -0.649469
-3.342346, 2.140309
-2.228798, -1.455403
-1.431580, 0.404449
-1.402832, 1.396356
-0.502274, -0.525477
-0.357254, -2.509306
0.602097, -1.455403
1.451294, 2.450275
2.359787, 1.458367
3.158020, -3.315240
3.420807, -1.455403
4.027023, -3.377236
3.859055, -5.237089
5.293411, -0.463481
5.370804, 0.528441
6.173477, 1.334375
6.154678, 2.326283
6.939331, -2.385329
7.216782, 0.404449
7.940170, -0.401485
8.315918, 4.930073
9.289825, -3.997182
9.518219, -2.137345
10.255920, -3.129252
10.411118, 1.768333
10.534271, 3.752162
12.004837, -2.881268
11.905243, -3.811194
12.811081, -4.307163
13.791824, 3.628185
13.507095, 6.169964
13.534805, -9.824694
15.898224, 0.900403
16.658188, -0.401485
16.737015, 2.202290
17.554260, 0.342453
18.538345, -1.765368
18.735077, 1.706337
19.523468, 0.838407
19.496399, 3.318205
21.459198, -1.641376
21.470612, 1.706337
22.407730, -3.315240
23.408920, -2.695294
23.364685, 4.000147
24.339020, 3.070221
24.248871, 6.665918
25.388321, 5.116061
26.340012, -6.786946
27.446075, 3.318205
29.388321, -0.959434
27.332458, 10.447603
29.282104, 5.054050
31.363571, -0.153500
31.352707, -4.369143
31.342255, 8.525770
34.339798, 1.272364
34.317017, -6.724965
35.383240, -2.757291
36.354813, 3.070221
37.362778, -4.741120
38.336884, -2.943279
39.254486, 0.714415
40.324615, -0.711450
41.326981, 2.078298
43.360565, -1.331411
43.323029, 3.318205
43.335190, 4.868077
46.290634, -2.323318
46.370331, 0.218461
48.324951, -1.269415
49.332199, -0.835442
49.340881, 7.657840
49.319183, -9.452732
52.304184, 3.566174
53.329163, -8.460810
54.325409, -2.571302
55.325836, 5.798003
56.321854, -8.460810
52.324890, 20.366764
60.314346, -0.587473
62.326508, 0.590422
64.325867, -0.277493
64.320374, -2.013353
61.312927, -18.317976
66.316376, 8.463775
68.316925, 4.620092
70.320709, -9.452732
69.315948, 13.423355
72.323273, 5.550019
76.317108, -3.749213
78.327789, -1.951357
74.318726, 17.329033
80.318542, -5.485058
84.308472, -3.315240
86.318848, 1.396356
87.317291, 5.550019
90.317810, -2.943279
91.321243, -7.468888
90.315140, 17.391014
97.318161, -2.757291
99.314819, -6.476980
103.303192, -0.339489
105.312592, -3.625221
108.306717, -1.765368
112.315781, 6.417933
113.315521, -3.005260
118.313858, 5.550019
-129.000000, -65.000076
-129.000000, -65.000076
-129.000000, -65.000076
-129.000000, -65.000076
-114.312386, 0.280457
-100.312050, 0.466445
-89.310654, 0.962399
-84.314796, 0.838407
-80.314720, -0.897453
-75.319420, -0.153500
-71.315132, 2.636263
-67.316849, -1.021430
-64.322723, -0.711450
-64.318306, 6.417933
-60.320358, -1.331411
-57.321030, -2.509306
-55.329315, 0.094484
-54.315300, 0.466445
-54.320282, 9.393685
-50.317871, -3.501228
-51.321777, 8.401778
-46.325928, -1.765368
-44.324188, -5.485058
-42.329941, -2.013353
-43.322128, 9.393685
-39.327965, -5.423062
-38.320251, 1.210383
-35.337418, -0.649469
-34.332825, 0.590422
-33.323730, -1.145423
-32.345856, 2.016317
-31.334244, -0.587473
-29.340416, 0.032473
-28.337067, 4.558096
-27.342789, 0.776426
-27.350815, 2.078298
-25.349464, -0.463481
-24.341301, 3.504193
-22.407722, 0.590422
-22.346008, 4.558096
-21.353226, 2.078298
-20.378899, -1.145423
-19.403038, -0.773461
-18.563263, -0.029508
-17.445030, 2.822251
-16.584900, 0.776426
-15.673592, -0.029508
-15.704475, 2.760255
-15.514076, 3.752162
-14.572334, 3.442197
-13.111679, -1.145423
-12.217812, 1.024395
-11.345993, 1.334375
-10.409981, 0.404449
-10.421074, 1.396356
-10.011719, 5.054050
-9.437767, 3.132216
-7.718376, -0.525477
-7.643517, 2.264287
-6.720947, 2.450275
-5.955666, -2.385329
-5.757172, 4.124139
-5.775612, 5.116061
-4.260788, 0.404449
-4.214081, 1.334375
-3.254616, 3.132216
-2.388588, -0.463481
-2.374046, 0.466445
-1.482445, 2.388279
-1.388268, 3.318205
-0.370872, -1.517384
0.484375, -0.463481
0.557480, 0.528441
1.475494, -0.587473
1.548630, 3.442197
2.499069, -1.393392
3.357407, -0.463481
4.255676, -2.447310
4.392120, 0.466445
4.093689, 4.124139
5.234741, 1.520349
5.673981, 3.256209
5.922012, 4.186135
7.061478, 1.396356
7.569565, 3.256209
7.917313, 2.326283
8.223831, 5.798003
9.617203, -1.145423
10.391418, -2.137345
10.495148, -0.153500
10.042160, 4.806081
10.048157, 6.975898
12.162094, 0.280457
12.221146, -0.711450
12.959564, -1.765368
12.994522, 7.099890
12.719345, 8.153793
14.526627, -6.786946
15.817703, 2.574267
15.670715, 4.248116
16.590500, 3.938150
17.893631, 1.458367
18.564346, 2.822251
18.460266, 4.558096
19.453064, 4.868077
20.506866, 0.528441
21.463806, -0.587473
21.405853, 5.798003
23.453293, -0.153500
23.438339, -1.827365
23.416260, 5.116061
23.404175, 7.719836
23.378601, 9.083720
26.339890, -5.113097
27.368652, -1.579395
27.383209, 5.488022
28.428619, 1.768333
29.402786, 0.466445
30.313568, 3.876154
31.340515, 1.396356
32.310608, -3.315240
29.414490, 13.671339
30.409958, 11.625514
34.408401, 4.310127
36.304443, 0.404449
34.341736, 12.431449
38.350647, -0.215512
38.398682, 1.582345
39.356735, 3.070221
40.329086, 3.938150
40.316711, 5.612014
42.327026, 7.533848
43.343567, 1.644341
45.308502, 1.644341
45.307617, -3.625221
46.365479, 3.566174
48.329437, 2.016317
49.309875, 0.466445
48.324127, 10.447603
52.336777, 0.280457
50.329285, 11.439526
52.336060, 6.727914
55.330948, 0.342453
55.320007, 7.471852
58.333252, -2.261337
50.326553, 22.350609
59.319122, 4.682089
61.326630, 2.698259
61.316605, 10.385608
63.323029, 5.550019
65.317322, -8.460810
66.318832, 10.509600
65.323303, 14.353282
69.317184, -7.468888
67.319565, 18.320940
74.319763, 2.884232
76.315781, -0.773461
77.320236, 6.541926
67.316010, 28.364096
82.313599, 1.892325
84.306335, -0.339489
85.312531, 3.752162
82.317307, 20.366764
87.311584, 11.439526
90.313293, 1.272364
87.315369, 22.350609
96.316040, 3.690166
98.314362, 0.094484
103.313995, 3.876154
105.324829, 1.334375
108.309601, 3.380201
109.314148, 9.393685
115.313385, -0.339489
118.311523, 8.401778
-129.000000, -65.000076
-129.000000, -65.000076
-129.000000, -65.000076
-129.000000, -65.000076
-108.309937, 0.776426
-96.312798, 2.636263
-93.314072, 1.086391
-86.314568, 3.566174
-79.310776, 0.652434
-74.317657, 1.892325
-74.317886, 4.558096
-70.313416, -0.277493
-67.315605, 0.528441
-66.315887, 9.393685
-59.314575, -0.215512
-59.317795, 1.582345
-58.317368, 6.417933
-54.323784, 2.078298
-65.318977, 18.382936
-50.318787, 0.838407
-51.319275, 10.385608
-45.322754, 0.156465
-45.320015, 1.272364
-43.327072, 3.566174
-45.324341, 11.377529
-38.329895, 2.698259
-38.327194, 4.496100
-35.328934, 1.086391
-35.332520, 2.016317
-34.328247, 4.496100
-33.330673, 5.488022
-30.336838, 0.032473
-29.329407, 1.892325
-29.333244, 2.822251
-29.331688, 7.409855
-27.338165, 3.752162
-25.361351, 0.404449
-23.353394, 0.900403
-26.346367, 12.369437
-24.347694, 9.393685
-21.351326, 3.628185
-20.482475, 0.838407
-19.501122, 0.156465
-18.452980, 1.458367
-18.414894, 2.264287
-16.592606, 2.264287
-15.650803, 0.962399
-18.365891, 10.385608
-16.380104, 6.479944
-14.600586, 4.310127
-13.091705, 0.342453
-12.803894, 3.938150
-12.120575, 2.760255
-10.886772, 4.806081
-10.337906, 3.132216
-9.725624, 6.045972
-7.768051, 0.404449
-7.720840, 1.334375
-7.608940, 3.194213
-7.456749, 4.062142
-6.105064, 0.342453
-5.928490, -1.455403
-6.186188, 7.843829
-4.888794, 5.116061
-4.034904, 4.062142
-3.972633, 5.054050
-3.121765, 4.062142
-2.364586, 1.458367
-2.141312, 4.992069
-1.235558, 4.310127
-0.450111, 0.466445
-0.424728, 1.458367
1.392395, 1.458367
0.659653, 6.293956
1.500748, 4.372108
0.406448, 8.091798
3.416931, 0.466445
3.367126, 2.450275
4.327454, 2.326283
3.847244, 5.054050
4.983765, 4.248116
4.540665, 6.479944
5.443848, 5.921980
6.615707, 3.256209
6.474396, 6.851906
6.237854, 8.215791
8.292145, 6.727914
9.565811, 0.776426
9.514801, 2.946244
9.617493, 3.876154
9.068359, 8.153793
8.867554, 9.021724
11.346222, 2.884232
12.329498, 1.210383
13.105484, 2.264287
10.539444, 11.811487
11.533691, 9.827658
14.481613, -5.919030
14.467102, 7.781833
15.565887, 5.426026
15.604401, 7.161886
17.593582, 3.318205
17.451965, 5.983976
18.601425, 5.550019
18.483231, 7.099890
20.426590, 2.326283
20.442261, 3.256209
20.442505, 7.781833
22.455292, 1.396356
23.410797, 1.334375
22.370972, 7.595844
20.390259, 14.477274
22.397980, 10.695588
22.353363, 13.485352
27.326080, -0.215512
26.393799, 8.587767
27.331146, 6.851906
26.370895, 12.555426
26.369751, 14.415277
31.402725, -3.129252
32.331619, -1.083427
28.291336, 15.407184
26.322113, 20.366764
33.345612, 7.657840
35.332748, 2.884232
32.352753, 15.407184
37.335022, 5.488022
37.360962, 7.595844
38.324554, 8.525770
39.314148, 6.603922
39.336639, 10.447603
42.353928, 0.404449
41.336716, 9.455696
43.313278, 8.401778
44.321289, 5.612014
45.303711, 6.541926
46.327835, 9.517676
49.330688, 2.078298
46.338303, 15.407184
51.324387, -3.749213
48.331085, 16.337112
53.325531, 3.256209
55.322861, 2.760255
57.309448, 0.218461
57.298645, 1.706337
46.319519, 27.310192
60.321167, 6.727914
58.331955, 14.353282
56.322769, 21.358688
65.313751, 2.016317
66.311157, -3.563210
63.317902, 16.337112
64.326797, 18.320940
71.317459, -3.749213
62.324051, 25.326361
70.323792, 16.337112
75.321991, 0.838407
76.318527, 3.752162
76.320801, 15.345189
81.316360, 4.682089
82.313721, 11.439526
84.315582, 7.409855
80.314484, 23.342518
85.315643, 16.337112
88.315765, 9.393685
85.311279, 25.326361
96.316025, 6.541926
100.310226, 2.202290
100.313202, 11.439526
102.311310, 9.393685
106.313400, 11.377529
110.314697, 12.431449
115.313232, 2.512271
121.322449, 10.447603
-129.000000, -65.000076
-129.000000, -65.000076
-129.000000, -65.000076
-129.000000, -65.000076
-110.312798, 2.760255
-103.315224, 2.760255
-94.315468, 4.558096
-89.314339, 4.620092
-81.315804, 1.458367
-78.313026, 3.566174
-77.315681, 9.393685
-71.315567, 5.488022
-67.314491, 2.140309
-69.317627, 12.369437
-66.317184, 10.385608
-57.316345, 3.504193
-59.316826, 10.385608
-52.317261, 3.442197
-55.324707, 11.377529
-49.326462, 3.504193
-54.319336, 12.369437
-46.321426, 5.488022
-48.327026, 10.385608
-42.320274, -0.277493
-45.325119, 12.369437
-40.334152, 5.426026
-38.329453, 6.417933
-37.325439, 8.401778
-35.337158, 3.566174
-35.326950, 7.409855
-31.328049, 1.024395
-31.326630, 3.566174
-30.335968, 6.417933
-31.339188, 9.393685
-28.343628, 5.488022
-26.345978, -5.485058
-25.338264, 1.272364
-25.337990, 6.479944
-23.347954, 2.698259
-29.322754, 15.345189
-22.351074, 5.488022
-20.353828, 3.566174
-19.351013, 2.698259
-18.400467, 3.752162
-18.355843, 5.488022
-17.368355, 4.620092
-16.459686, 3.876154
-20.352097, 13.361359
-19.361778, 12.369437
-13.023476, 2.078298
-13.539581, 4.930073
-12.577850, 5.674011
-11.919960, 3.690166
-11.287323, 2.264287
-11.408768, 7.595844
-11.440361, 8.463775
-10.633583, 6.665918
-8.585007, 1.706337
-8.320770, 4.558096
-7.447617, 5.735991
-5.971085, 1.334375
-6.626030, 5.302034
-7.604469, 9.517676
-5.271469, 7.161886
-5.824944, 8.835736
-3.685280, 5.983976
-3.072083, 4.992069
-3.572243, 6.913902
-1.872704, 6.727914
-2.038239, 7.595844
-0.513657, 2.450275
0.464020, 2.450275
0.560562, 3.442197
0.592987, 4.434104
-0.021210, 8.897731
2.420471, 2.450275
3.342239, 1.458367
3.435104, 5.983976
2.799286, 8.587767
3.618347, 6.851906
3.747742, 7.781833
2.658920, 11.377529
4.649582, 7.409855
6.866318, 4.186135
6.098694, 9.083720
4.904526, 11.749491
7.366699, 6.975898
7.037735, 8.835736
9.167419, 5.612014
6.837036, 13.547347
8.684555, 10.757584
7.802338, 12.617421
11.011902, 5.364030
11.767166, 4.496100
12.260849, 3.008224
9.046524, 14.601266
9.022339, 15.717165
14.770004, -1.889361
13.446899, 9.641669
14.494461, 10.509600
15.388535, 9.641669
16.704346, 6.789909
17.581039, 6.913902
17.401184, 8.649762
18.346008, 8.587767
17.450806, 12.493429
20.407715, 4.186135
20.377167, 9.021724
22.363373, 3.256209
22.380127, 4.744085
9.526459, 26.380262
18.475403, 17.391014
20.424545, 16.399107
21.343414, 15.345189
26.353394, 3.752162
25.408661, 10.509600
27.362015, 8.587767
25.384735, 15.345189
24.387405, 17.391014
30.364212, 6.665918
31.333481, 2.760255
27.353409, 17.391014
23.344345, 23.342518
33.334534, 8.959728
35.386108, 6.107969
30.365082, 18.382936
36.358490, 9.455696
36.335114, 11.439526
38.358032, 4.806081
36.339478, 15.407184
35.333939, 17.453026
40.334198, 12.431449
39.330002, 15.407184
42.329071, 10.385608
43.328384, 11.439526
45.324738, 7.719836
43.334076, 16.461102
48.327728, 5.426026
38.333389, 26.380262
51.342239, 4.930073
47.321472, 18.382936
51.329056, 13.423355
53.328140, 9.517676
51.322525, 17.329033
52.326096, 16.337112
44.320404, 30.347939
58.326736, 11.439526
57.320343, 16.399107
52.321228, 26.318268
63.321167, 8.401778
65.321014, 3.752162
62.315857, 17.329033
63.324371, 20.366764
71.315521, -0.773461
60.311325, 27.310192
61.326904, 28.364096
75.313583, 9.393685
75.314865, 12.431449
57.325668, 38.345268
79.317749, 12.431449
77.315216, 20.366764
83.314026, 9.393685
83.311630, 15.345189
87.319580, 14.353282
90.318054, 3.938150
92.316605, 15.407184
93.317917, 13.361359
90.316040, 27.310192
98.316284, 15.345189
105.315430, 6.541926
105.311646, 14.353282
107.310196, 17.329033
114.313232, 10.385608
115.317093, 14.353282
-129.000000, -65.000076
-129.000000, -65.000076
-129.000000, -65.000076
-129.000000, -65.000076
-116.313713, 1.706337
-101.311951, 5.488022
-97.315491, 6.479944
-89.313431, 6.417933
-81.314285, 6.417933
-78.315216, 7.409855
-79.314804, 11.377529
-73.316498, 7.409855
-68.316223, 4.558096
-77.317551, 16.337112
-72.315132, 15.345189
-59.323875, 5.426026
-62.317612, 12.369437
-53.324936, 4.496100
-71.319260, 21.358688
-50.326462, 5.488022
-54.321602, 13.423355
-46.329147, 2.760255
-50.321495, 13.361359
-42.333618, 1.086391
-42.329514, 2.698259
-47.321457, 14.353282
-40.331779, 7.471852
-39.332275, 10.447603
-35.336212, 5.488022
-40.325882, 14.353282
-36.332687, 10.385608
-31.337341, 4.496100
-33.337479, 11.377529
-30.334702, 7.409855
-36.334351, 16.337112
-30.340469, 10.385608
-25.342369, 2.822251
-25.339569, 7.471852
-24.339523, 5.488022
-38.326324, 23.342518
-25.342758, 11.377529
-22.356392, 7.409855
-20.355148, 4.558096
-19.349548, 6.417933
-20.330833, 10.385608
-17.356590, 6.479944
-17.361183, 7.471852
-21.358681, 15.345189
-15.377136, 5.550019
-16.371613, 8.401778
-14.407211, 5.674011
-14.373459, 8.401778
-14.367477, 9.393685
-10.997963, 3.876154
-12.402756, 9.455696
-11.418884, 9.455696
-11.410072, 10.385608
-9.151039, 4.806081
-8.576485, 7.781833
-7.838287, 6.789909
-6.964958, 6.603922
-8.464996, 11.439526
-7.600510, 10.509600
-6.660568, 9.579674
-7.580948, 12.369437
-4.436394, 6.851906
-3.926437, 9.021724
-3.500488, 8.153793
-2.623886, 8.339782
-3.299080, 9.951651
-1.173485, 5.240038
-0.412079, 3.442197
0.615601, 5.426026
-3.583138, 15.469182
-2.682365, 14.601266
2.544159, 3.442197
2.257019, 5.302034
1.292313, 9.889653
2.185989, 9.703666
-0.211220, 15.159216
3.045731, 9.455696
2.066071, 12.245460
5.500458, 6.851906
4.697617, 9.269708
6.471542, 5.116061
3.367661, 14.663246
4.178909, 13.671339
6.891266, 9.765662
7.900208, 8.959728
9.136307, 7.285878
3.650299, 17.638998
5.937637, 14.539254
10.824432, 6.231961
11.925278, 5.364030
12.719360, 4.372108
6.035507, 18.506929
8.062134, 16.585096
15.047897, 1.272364
12.804947, 11.501522
12.013504, 14.477274
11.751221, 15.717165
15.414368, 10.633592
16.498444, 8.649762
16.386688, 10.509600
17.402054, 10.509600
17.409088, 13.609343
15.763763, 16.523100
14.496628, 18.382936
19.364563, 10.633592
21.489227, 6.851906
2.416992, 32.455761
18.395706, 18.382936
17.385590, 20.366764
18.453003, 19.374859
22.447601, 14.663246
24.420685, 12.493429
19.479706, 20.366764
4.214752, 35.369518
22.360214, 19.374859
29.374786, 8.649762
31.316360, 4.000147
20.368942, 25.388344
14.479736, 31.339846
30.349838, 16.399107
33.343933, 10.509600
29.324051, 20.366764
34.352234, 13.485352
33.327209, 16.399107
33.331985, 18.382936
29.342499, 25.388344
31.346497, 23.342518
38.332520, 14.415277
38.330505, 16.399107
39.324005, 18.382936
42.334106, 13.423355
40.337097, 20.366764
40.325104, 21.420683
46.329208, 12.493429
36.332870, 28.364096
45.315338, 19.374859
43.310028, 23.342518
39.327087, 29.356016
47.326584, 20.366764
50.319336, 19.374859
57.322800, 3.380201
38.348175, 35.369518
54.326675, 18.382936
53.324463, 23.342518
44.311096, 34.315598
62.318710, 12.369437
60.316162, 19.374859
60.320114, 22.350609
61.320587, 23.342518
71.318832, 1.396356
44.322083, 42.312927
60.316666, 30.347939
69.315140, 21.358688
72.315277, 19.374859
54.324448, 40.329098
63.321594, 33.323689
72.323120, 27.310192
63.317505, 40.329098
73.316467, 31.339846
80.319717, 26.318268
91.316910, 7.409855
77.316254, 35.307522
80.314911, 33.323689
87.312195, 29.356016
98.315781, 18.382936
97.311493, 22.350609
103.314896, 19.374859
101.314697, 25.388344
112.313522, 16.399107
117.315796, 18.382936
-129.000000, -65.000076
-129.000000, -65.000076
-129.000000, -65.000076
-129.000000, -65.000076
-111.311081, 5.550019
-106.315315, 8.401778
-97.313385, 9.393685
-93.312248, 8.401778
-84.317139, 7.409855
-84.315140, 11.377529
-88.317436, 16.337112
-74.315529, 10.385608
-67.319084, 8.401778
-81.314606, 18.382936
-75.315208, 17.391014
-64.319656, 13.361359
-58.320564, 7.471852
-53.321640, 5.488022
-57.320549, 13.361359
-59.322357, 15.345189
-59.318474, 16.399107
-47.319321, 8.463775
-60.315643, 20.366764
-43.323318, 5.488022
-53.317741, 18.320940
-49.322731, 16.399107
-42.326843, 11.377529
-43.328018, 14.353282
-38.328842, 9.393685
-47.319397, 19.312862
-37.335175, 12.369437
-34.333725, 9.393685
-45.328400, 22.350609
-35.324905, 14.353282
-32.331665, 12.369437
-27.338692, 7.409855
-25.341049, 4.558096
-29.329681, 13.361359
-31.341827, 16.337112
-43.326859, 26.318268
-30.328354, 17.391014
-22.350220, 8.401778
-20.348999, 6.417933
-20.353432, 8.401778
-22.348267, 12.369437
-20.352287, 11.377529
-18.358604, 8.401778
-22.341431, 16.337112
-24.344154, 19.374859
-17.361275, 11.377529
-14.415382, 6.479944
-16.361359, 12.369437
-15.379242, 11.377529
-11.708168, 5.364030
-13.377434, 11.377529
-13.379402, 13.361359
-17.393173, 18.382936
-10.454369, 8.525770
-9.484337, 8.649762
-9.430588, 10.447603
-7.697052, 7.719836
-11.376328, 15.345189
-12.393646, 17.391014
-9.434753, 14.415277
-8.441040, 13.423355
-6.691345, 11.501522
-13.352463, 20.366764
-4.941658, 9.827658
-5.247765, 13.423355
-4.079636, 11.687496
-2.373856, 10.013645
-0.968903, 7.099890
-0.251373, 6.231961
-1.348701, 9.393685
-4.978104, 17.391014
1.301239, 8.153793
1.865524, 7.223868
-0.170082, 12.431449
1.225479, 10.819580
-1.121536, 15.779161
1.055771, 14.229290
1.757675, 13.175372
4.262619, 10.199619
3.721161, 11.873483
2.330002, 14.973228
0.189575, 17.886982
5.043625, 12.617421
5.988892, 10.881560
6.951920, 10.757584
5.040543, 15.531178
-4.715935, 26.380262
1.839767, 20.800739
10.936661, 7.161886
8.829788, 12.555426
10.802673, 8.897731
4.689865, 20.490759
2.737122, 22.598595
14.651199, 5.116061
11.484390, 13.609343
9.599869, 18.444933
8.523819, 20.490759
14.376434, 12.493429
14.595016, 13.547347
10.881256, 19.312862
15.452576, 14.415277
5.099350, 27.434183
6.889893, 26.380262
13.481216, 20.428778
19.415482, 12.431449
20.387054, 11.501522
-0.818832, 34.439587
15.408432, 21.358688
16.366425, 22.350609
20.451782, 17.453026
11.562408, 27.310192
18.461380, 21.420683
26.358841, 11.439526
-12.423943, 44.296772
22.450745, 20.428778
20.392776, 23.404514
30.342636, 9.517676
16.366302, 29.294020
6.761154, 37.353344
25.454727, 22.412607
24.375427, 25.388344
22.364029, 27.372185
31.334320, 19.374859
35.344711, 14.415277
36.344009, 12.431449
20.367752, 32.393764
28.365295, 26.442265
35.360504, 20.428778
16.332291, 38.345268
33.350769, 25.326361
42.323410, 14.539254
32.342346, 28.364096
31.333267, 30.347939
39.337204, 23.342518
34.349152, 30.347939
12.380035, 46.342594
24.344757, 40.329098
33.319016, 34.315598
46.328568, 22.350609
39.337128, 32.331768
55.318085, 11.377529
35.336533, 37.353344
49.318176, 25.326361
49.328903, 28.364096
37.332169, 40.329098
55.318787, 25.326361
57.323654, 23.342518
54.323151, 28.364096
54.320175, 30.347939
52.326752, 33.323689
36.319305, 47.334507
55.321381, 35.369518
68.318604, 23.342518
67.317902, 25.326361
52.311386, 42.312927
73.318329, 23.342518
71.316345, 29.356016
80.317291, 18.320940
70.318054, 36.361439
78.315826, 28.302114
77.314957, 30.347939
69.315369, 42.312927
91.314758, 20.366764
79.320068, 38.345268
94.313324, 24.334438
93.316467, 30.347939
100.314178, 23.342518
101.320251, 29.356016
109.316513, 19.374859
113.315460, 21.358688
-129.000000, -65.000076
-129.000000, -65.000076
-129.000000, -65.000076
-129.000000, -65.000076
-121.318718, 1.892325
-112.313644, 11.377529
-103.312630, 9.517676
-97.314133, 12.369437
-91.313820, 10.385608
-86.316162, 13.361359
-98.315323, 19.374859
-80.314507, 13.361359
-71.314278, 9.393685
-94.314026, 22.350609
-81.316452, 20.304785
-61.322052, 9.393685
-70.317543, 18.320940
-54.323700, 7.409855
-75.314537, 23.342518
-68.316559, 20.366764
-60.319626, 18.320940
-48.325775, 7.409855
-55.320450, 16.337112
-44.327728, 7.409855
-55.323181, 20.366764
-59.317291, 23.342518
-42.324615, 12.369437
-49.326080, 20.366764
-55.325119, 24.334438
-61.319107, 27.310192
-42.324738, 17.329033
-32.336929, 7.409855
-53.319519, 26.318268
-49.323303, 25.326361
-42.326218, 21.358688
-39.331802, 19.374859
-27.338760, 9.393685
-37.328796, 21.358688
-33.333496, 18.320940
-56.320137, 32.331768
-48.327156, 29.356016
-23.344009, 10.385608
-35.326065, 23.342518
-24.345123, 14.353282
-23.341904, 13.361359
-31.333099, 22.350609
-25.354164, 18.320940
-35.323349, 26.318268
-36.337662, 27.372185
-26.341789, 21.358688
-14.376579, 7.471852
-17.372375, 14.353282
-16.359650, 13.361359
-18.387016, 16.399107
-20.352158, 19.374859
-21.352417, 21.358688
-22.351425, 22.350609
-12.380836, 13.361359
-11.436226, 12.369437
-10.421272, 11.439526
-9.458496, 11.377529
-17.359222, 22.350609
-18.348404, 23.342518
-12.428642, 18.382936
-9.565163, 15.407184
-19.366562, 25.326361
-14.384521, 21.358688
-4.817146, 10.757584
-9.430962, 18.382936
-6.657700, 15.531178
-3.166969, 10.881560
-4.109825, 12.617421
-1.458801, 10.261615
-10.436356, 22.350609
-6.763840, 19.436855
-1.064575, 12.989397
-0.142281, 11.501522
-0.977921, 13.919309
-8.530907, 23.404514
-2.437874, 17.515007
-4.781898, 21.358688
0.772903, 15.221197
-1.824471, 18.630922
-1.939842, 19.560831
0.795410, 17.019053
-2.452469, 21.420683
-0.788795, 20.552753
0.811340, 18.816908
3.258148, 16.647091
1.854385, 18.754911
-10.419327, 30.347939
-7.427162, 28.364096
6.196106, 15.531178
10.586914, 9.765662
10.747635, 10.695588
-0.049271, 24.830393
-0.863205, 26.628250
6.799240, 19.374859
2.678406, 24.706402
4.186066, 23.342518
5.917526, 22.350609
2.420746, 26.628250
11.981476, 17.515007
8.237350, 22.474604
7.532532, 23.404514
14.579865, 15.655168
-2.480057, 33.385685
3.251587, 29.418013
15.489578, 19.374859
18.460800, 15.469182
-9.454819, 39.337173
5.918381, 30.347939
-6.464195, 38.345268
4.982361, 32.393764
9.465256, 29.418013
16.541107, 23.466509
14.480453, 26.380262
-17.337822, 46.342594
12.418167, 30.347939
17.418991, 26.380262
25.370789, 18.444933
29.344604, 12.493429
3.141312, 39.399170
19.344330, 28.364096
14.329666, 33.385685
10.569214, 36.299442
29.338654, 21.420683
31.357834, 20.428778
28.341446, 24.396433
16.447510, 35.307522
26.335709, 29.356016
33.360214, 22.350609
-3.062531, 48.326424
23.346115, 34.315598
13.371521, 41.321022
-1.251770, 50.372257
20.353149, 39.337173
38.316040, 24.334438
32.329498, 31.339846
2.154633, 51.364174
21.368408, 42.312927
28.344162, 38.345268
44.336517, 25.326361
32.324951, 37.353344
22.356384, 45.350677
26.323822, 43.304848
32.344635, 40.329098
47.318451, 30.347939
31.349594, 44.296772
48.328537, 32.331768
30.317795, 47.334507
38.334167, 42.312927
50.318756, 35.307522
38.324997, 45.288673
33.327759, 49.318344
51.321014, 38.345268
58.321198, 33.323689
59.326111, 35.369518
48.328537, 45.288673
71.312836, 25.326361
68.313538, 31.339846
68.313446, 34.315598
56.321243, 47.334507
74.316040, 33.323689
86.315674, 18.382936
62.320908, 47.334507
83.318787, 31.339846
77.314362, 40.329098
84.316589, 35.307522
90.316422, 33.323689
97.311096, 28.302114
99.310944, 31.339846
107.313583, 22.350609
112.319138, 24.334438
-129.000000, -65.000076
-129.000000, -65.000076
-129.000000, -65.000076
-129.000000, -65.000076
-113.313629, 7.471852
-117.313431, 9.393685
-103.314835, 11.377529
-109.315048, 16.337112
-101.313850, 15.345189
-91.315948, 13.361359
-103.314217, 20.366764
-83.315216, 15.345189
-75.316254, 13.361359
-100.311325, 24.334438
-85.314110, 21.358688
-68.316132, 14.353282
-76.314926, 20.366764
-65.315948, 16.337112
-81.312881, 25.326361
-88.316093, 27.310192
-63.317825, 20.366764
-67.314957, 23.342518
-77.317566, 27.310192
-70.316933, 26.318268
-50.329819, 15.345189
-63.317764, 25.326361
-46.322533, 16.337112
-65.320534, 27.372185
-52.320374, 22.350609
-90.318268, 35.369518
-43.332260, 18.382936
-36.331619, 13.361359
-68.315712, 32.331768
-58.319138, 29.356016
-63.316666, 31.339846
-32.330963, 14.415277
-29.325119, 11.377529
-47.318069, 27.310192
-41.327179, 24.334438
-63.315201, 34.315598
-75.316315, 38.345268
-26.339439, 14.415277
-32.336601, 20.366764
-25.348785, 16.337112
-28.332794, 19.374859
-41.321556, 28.364096
-43.328735, 30.347939
-55.318001, 35.307522
-51.325546, 34.315598
-30.334991, 24.334438
-15.351135, 9.455696
-26.346123, 22.350609
-21.353348, 18.382936
-37.322876, 30.347939
-40.329987, 32.331768
-28.335503, 26.318268
-32.336319, 29.356016
-15.365257, 16.337112
-14.392090, 15.345189
-17.360703, 20.366764
-27.345512, 28.364096
-14.332100, 18.382936
-31.326630, 31.339846
-43.323334, 37.353344
-23.333878, 27.310192
-25.333115, 29.356016
-17.336876, 24.334438
-9.362251, 17.391014
-14.395454, 23.342518
-19.364304, 27.372185
-7.626411, 17.391014
-2.741898, 11.873483
-4.250557, 14.539254
-11.366028, 23.342518
-13.346581, 25.326361
-1.989120, 13.671339
-20.341904, 30.347939
-14.388077, 27.310192
-16.383629, 29.356016
-4.276611, 19.436855
-6.528534, 22.350609
-13.345963, 28.364096
-8.554214, 25.326361
-25.327759, 36.361439
-21.350540, 34.315598
-5.651764, 24.396433
-8.627731, 27.372185
0.652542, 19.870813
-0.921188, 21.606672
-2.313812, 23.404514
-11.404930, 31.339846
-26.347855, 39.337173
5.427795, 16.523100
3.566879, 19.684824
9.530869, 11.501522
-38.332245, 45.350677
-2.635124, 28.364096
-11.369331, 34.315598
-3.890610, 30.347939
-13.357895, 36.361439
-4.786438, 31.339846
-15.350441, 38.345268
0.914459, 28.612080
5.721008, 25.388344
-9.385353, 36.361439
10.283310, 21.482679
-4.900993, 34.377594
1.303787, 31.463840
13.469925, 21.482679
11.595154, 23.528507
-25.349068, 46.342594
-12.387741, 41.321022
9.394470, 28.364096
14.386871, 24.334438
1.733551, 34.563580
7.650192, 31.339846
12.606293, 28.364096
-28.348915, 50.310257
7.066025, 34.315598
10.462646, 32.393764
22.377014, 22.350609
-5.590462, 43.304848
0.098602, 40.515083
-17.348373, 49.318344
2.054504, 41.506992
18.338120, 31.339846
21.425552, 29.356016
-1.701569, 44.358768
25.348129, 27.372185
11.382431, 39.337173
-10.377373, 50.310257
24.339798, 31.339846
-15.356079, 53.348000
4.789993, 45.350677
28.320786, 31.339846
21.340454, 37.291351
-5.505226, 52.294098
25.343323, 37.291351
29.336517, 34.377594
-16.385765, 58.307579
7.489471, 49.318344
17.374817, 45.350677
42.328506, 27.372185
-4.525223, 56.323757
13.346359, 50.310257
-0.243980, 56.323757
29.337372, 42.312927
17.354614, 50.310257
2.875397, 57.315681
42.320496, 37.353344
46.331131, 35.369518
12.360870, 56.323757
45.326752, 39.337173
24.346100, 52.294098
22.340607, 55.331848
30.316833, 52.294098
43.327744, 45.350677
21.334061, 58.307579
39.330292, 50.310257
47.318085, 48.326424
55.327469, 43.304848
65.318634, 37.353344
42.327972, 54.339924
48.315674, 52.294098
72.318268, 38.345268
50.328964, 54.339924
68.311462, 46.342594
71.322510, 44.296772
76.316498, 42.312927
83.320282, 39.337173
91.315002, 37.353344
96.313202, 34.315598
105.314285, 27.310192
110.314758, 27.372185
-129.000000, -65.000076
-129.000000, -65.000076
-129.000000, -65.000076
-129.000000, -65.000076
-119.312202, 4.620092
-118.317924, 12.431449
-108.312500, 12.369437
-116.311172, 15.407184
-117.318367, 18.382936
-96.312164, 17.329033
-109.314369, 21.358688
-92.311211, 19.374859
-87.314545, 18.382936
-105.315338, 25.326361
-110.318588, 26.380262
-87.316933, 23.342518
-80.314056, 22.350609
-95.315041, 27.310192
-101.316376, 29.356016
-106.320137, 31.339846
-83.316818, 27.310192
-95.314316, 31.339846
-89.314804, 30.347939
-100.316231, 33.385685
-82.315643, 30.347939
-77.313065, 30.347939
-71.317780, 29.356016
-85.316856, 33.323689
-59.316711, 25.326361
-95.318802, 36.361439
-78.316238, 33.323689
-39.329918, 16.337112
-73.317558, 33.323689
-86.315742, 37.353344
-80.319031, 36.361439
-45.328323, 24.334438
-36.331528, 19.374859
-52.322639, 29.356016
-70.319199, 36.299442
-86.314369, 40.329098
-80.316559, 39.337173
-39.325615, 25.326361
-65.317505, 36.299442
-30.337585, 20.366764
-47.319839, 31.339846
-59.322327, 36.299442
-88.326248, 43.366844
-76.320305, 41.321022
-66.317238, 39.337173
-82.316902, 43.366844
-71.316704, 41.321022
-31.333809, 26.318268
-48.318604, 35.307522
-75.313675, 43.366844
-58.320007, 39.337173
-43.326408, 34.315598
-50.326889, 37.353344
-25.344521, 25.326361
-38.326035, 33.323689
-22.350510, 24.334438
-66.317993, 43.304848
-61.320755, 42.312927
-56.320770, 41.321022
-46.322723, 38.345268
-51.320412, 40.329098
-79.316483, 47.334507
-33.335709, 33.323689
-27.351456, 31.339846
-37.323334, 36.361439
-69.318214, 46.342594
-53.322372, 42.312927
-26.328888, 32.331768
-9.499023, 20.304785
-40.325043, 39.337173
-26.337883, 33.323689
-47.322929, 42.312927
-29.340271, 35.307522
-58.325569, 46.342594
-21.360649, 32.331768
-53.313599, 45.350677
-32.330109, 38.345268
-42.328430, 42.312927
-47.322449, 44.358768
-35.334366, 40.329098
-64.323097, 49.318344
-54.319550, 47.334507
-21.352554, 35.307522
-15.379005, 32.331768
-36.331001, 42.312927
-3.019920, 24.396433
-32.322762, 41.321022
-56.323433, 49.318344
0.247864, 22.846561
-21.354004, 37.353344
-16.382690, 35.307522
-48.322495, 48.326424
-63.314270, 52.356094
-42.328293, 47.334507
-7.572723, 32.331768
-21.362488, 40.329098
-25.332458, 42.312927
-17.368973, 39.337173
-31.327599, 45.350677
-0.968918, 30.471933
-48.326416, 51.302177
-18.347267, 41.321022
-35.324425, 48.326424
-52.324478, 53.348000
-0.873421, 32.393764
9.730118, 25.388344
-40.323639, 51.302177
-19.370125, 44.296772
-47.323753, 54.339924
-3.141090, 37.353344
-0.387032, 36.547413
-6.472244, 40.329098
-24.324982, 48.326424
-34.329170, 52.294098
2.347321, 37.415340
-0.967216, 39.461166
-2.697914, 41.383015
-42.326393, 56.323757
-11.373161, 46.342594
-34.332489, 55.331848
-26.334297, 53.348000
-20.370483, 51.302177
-5.615662, 46.342594
5.843658, 41.321022
-34.345337, 57.315681
1.597946, 44.482746
-0.596359, 46.342594
-20.349312, 54.339924
-26.346413, 57.315681
-32.312241, 59.361504
9.423080, 43.304848
1.683548, 48.388424
-10.398445, 54.339924
18.323151, 41.321022
15.353241, 43.304848
-23.336678, 60.353428
-0.966667, 53.348000
-9.371666, 57.315681
36.327499, 33.323689
-12.363365, 59.299500
6.456802, 53.286007
-13.395691, 61.345333
19.394196, 48.326424
6.461441, 55.331848
-5.496246, 60.353428
15.372772, 53.348000
25.347824, 49.318344
-0.837929, 61.345333
2.847549, 61.345333
9.432373, 59.299500
15.388962, 58.307579
8.363739, 61.345333
40.346344, 47.334507
13.364471, 61.345333
31.335159, 54.339924
37.320358, 53.348000
28.329834, 59.299500
33.336716, 57.315681
38.343307, 57.315681
61.318298, 44.296772
53.321960, 50.310257
46.328674, 57.315681
56.329865, 53.348000
62.318619, 51.364174
71.319092, 48.326424
76.318512, 46.342594
80.317139, 44.358768
86.315979, 44.296772
99.316971, 36.361439
105.317673, 32.331768
