-129.000000, -65.000076
-129.000000, -65.000076
-129.000000, -65.000076
-129.000000, -65.000076
-121.500000, -0.525477
-120.500000, -14.474309
-117.500000, -16.520134
-113.500000, -18.503963
-107.500000, -18.503963
-115.500000, -21.479717
-111.500000, -23.525555
-102.500000, -22.471638
-97.500000, -23.525555
-106.500000, -26.501307
-92.500000, -24.517464
-112.500000, -29.477043
-94.500000, -27.493216
-76.500000, -22.471638
-104.500000, -31.522886
-94.500000, -30.530951
-82.500000, -28.485123
-98.500000, -32.514790
-50.500000, -15.528227
-93.500000, -33.506702
-86.500000, -32.514790
-48.500000, -17.512043
-102.500000, -36.482456
-96.500000, -36.482456
-58.500000, -26.501307
-83.500000, -35.490543
-78.500000, -34.498638
-87.500000, -37.474373
-66.500000, -32.514790
-95.500000, -39.520214
-81.500000, -37.474373
-75.500000, -36.482456
-61.500000, -33.506702
-88.500000, -40.512123
-40.500000, -24.517464
-55.500000, -32.514790
-80.500000, -40.512123
-43.500000, -28.485123
-59.500000, -35.490543
-64.500000, -37.474373
-74.500000, -40.512123
-87.500000, -43.487873
-29.500000, -22.471638
-51.500000, -34.498638
-33.500000, -26.501307
-66.500000, -40.512123
-72.500000, -42.495964
-60.500000, -39.520214
-56.500000, -38.528290
-76.500000, -44.479778
-45.500000, -35.490543
-65.500000, -42.495964
-83.500000, -46.525627
-52.500000, -39.520214
-23.500000, -25.509371
-30.500000, -30.530951
-46.500000, -38.528290
-68.500000, -45.471714
-72.500000, -46.525627
-39.500000, -36.482456
-80.500000, -48.509449
-61.500000, -44.479778
-30.500000, -33.506702
-49.500000, -41.504028
-13.500000, -23.525555
-4.500000, -13.482386
-62.500000, -46.525627
-42.500000, -40.512123
-31.500000, -36.482456
-48.500000, -43.487873
-8.500000, -22.471638
-10.500000, -24.517464
-22.500000, -33.506702
-72.500000, -50.493294
-43.500000, -43.487873
-52.500000, -46.525627
-21.500000, -34.498638
-65.500000, -50.493294
-10.500000, -28.485123
-33.500000, -41.504028
-57.500000, -49.501362
-37.500000, -43.487873
-47.500000, -47.517544
-27.500000, -40.512123
-22.500000, -38.528290
-17.500000, -36.482456
-13.500000, -34.498638
-67.500000, -53.469040
-60.500000, -52.477112
-54.500000, -51.485207
-42.500000, -48.509449
-47.500000, -50.493294
-8.500000, -34.498638
-23.500000, -42.495964
-17.500000, -40.512123
-49.500000, -52.477112
-26.500000, -45.471714
-59.500000, -55.514874
-39.500000, -50.493294
10.500000, -24.517464
-20.500000, -44.479778
-13.500000, -41.504028
-44.500000, -53.469040
-50.500000, -55.514874
-29.500000, -49.501362
-34.500000, -51.485207
-21.500000, -47.517544
15.500000, -25.509371
-11.500000, -44.479778
-13.500000, -45.471714
-40.500000, -55.514874
23.500000, -20.487793
-25.500000, -51.485207
-18.500000, -49.501362
-8.500000, -45.471714
-43.500000, -58.490616
2.500000, -41.504028
18.500000, -31.522886
8.500000, -39.520214
-36.500000, -58.490616
13.500000, -37.474373
-9.500000, -50.493294
-28.500000, -57.498695
26.500000, -30.530951
-13.500000, -53.469040
-18.500000, -55.514874
-4.500000, -50.493294
29.500000, -31.522886
-18.500000, -57.498695
-24.500000, -59.482529
-11.500000, -56.506783
-3.500000, -53.469040
14.500000, -45.471714
11.500000, -48.509449
24.500000, -41.504028
-6.500000, -57.498695
-15.500000, -61.528358
-10.500000, -60.474438
18.500000, -48.509449
27.500000, -44.479778
-1.500000, -59.482529
10.500000, -55.514874
7.500000, -57.498695
36.500000, -43.487873
16.500000, -55.514874
4.500000, -61.528358
12.500000, -58.490616
48.500000, -38.528290
13.500000, -60.474438
26.500000, -55.514874
38.500000, -49.501362
48.500000, -44.479778
22.500000, -60.474438
39.500000, -52.477112
21.500000, -62.520264
28.500000, -60.474438
65.500000, -39.520214
36.500000, -59.482529
60.500000, -47.517544
48.500000, -56.506783
54.500000, -54.522949
63.500000, -50.493294
69.500000, -48.509449
65.500000, -53.469040
72.500000, -51.485207
80.500000, -46.525627
84.500000, -45.471714
95.500000, -40.512123
100.500000, -37.474373
112.500000, -27.493216
-129.000000, -65.000076
-129.000000, -65.000076
-129.000000, -65.000076
-129.000000, -65.000076
-123.500000, -5.485058
-120.500000, -10.506636
-110.500000, -15.528227
-100.500000, -15.528227
-94.500000, -13.482386
-108.500000, -20.487793
-96.500000, -19.495886
-83.500000, -17.512043
-94.500000, -22.471638
-100.500000, -25.509371
-86.500000, -23.525555
-82.500000, -23.525555
-67.500000, -18.503963
-61.500000, -14.474309
-100.500000, -30.530951
-68.500000, -22.471638
-76.500000, -26.501307
-86.500000, -30.530951
-49.500000, -14.474309
-80.500000, -30.530951
-66.500000, -26.501307
-73.500000, -30.530951
-56.500000, -23.525555
-89.500000, -35.490543
-53.500000, -24.517464
-72.500000, -32.514790
-53.500000, -25.509371
-48.500000, -23.525555
-60.500000, -30.530951
-52.500000, -27.493216
-71.500000, -35.490543
-42.500000, -23.525555
-35.500000, -19.495886
-66.500000, -35.490543
-35.500000, -21.479717
-50.500000, -30.530951
-68.500000, -37.474373
-38.500000, -25.509371
-32.500000, -21.479717
-55.500000, -34.498638
-46.500000, -31.522886
-31.500000, -23.525555
-47.500000, -32.514790
-26.500000, -20.487793
-26.500000, -21.479717
-29.500000, -24.517464
-52.500000, -36.482456
-17.500000, -15.528227
-42.500000, -33.506702
-33.500000, -29.477043
-19.500000, -19.495886
-20.500000, -20.487793
-38.500000, -33.506702
-16.500000, -18.503963
-21.500000, -23.525555
-18.500000, -21.479717
-10.500000, -13.482386
-35.500000, -34.498638
-56.500000, -42.495964
-14.500000, -21.479717
-21.500000, -27.493216
-18.500000, -25.509371
-28.500000, -32.514790
-24.500000, -30.530951
-3.500000, -11.498556
-17.500000, -27.493216
-14.500000, -25.509371
-37.500000, -38.528290
-25.500000, -33.506702
-3.500000, -16.520134
-6.500000, -20.487793
-4.500000, -18.503963
-14.500000, -28.485123
-15.500000, -29.477043
-30.500000, -38.528290
-18.500000, -32.514790
-16.500000, -31.522886
-9.500000, -27.493216
-1.500000, -21.479717
-3.500000, -23.525555
1.500000, -19.495886
2.500000, -18.503963
-12.500000, -32.514790
-10.500000, -31.522886
-4.500000, -27.493216
7.500000, -15.528227
-4.500000, -28.485123
1.500000, -24.517464
-5.500000, -30.530951
-37.500000, -46.525627
-31.500000, -44.479778
-6.500000, -32.514790
0.500000, -28.485123
-1.500000, -30.530951
4.500000, -26.501307
-10.500000, -37.474373
10.500000, -21.479717
-1.500000, -32.514790
-12.500000, -39.520214
-30.500000, -47.517544
12.500000, -22.471638
-5.500000, -37.474373
2.500000, -32.514790
4.500000, -31.522886
-16.500000, -44.479778
-0.500000, -36.482456
16.500000, -23.525555
14.500000, -27.493216
8.500000, -32.514790
-6.500000, -42.495964
-33.500000, -53.469040
26.500000, -15.528227
11.500000, -33.506702
15.500000, -30.530951
6.500000, -37.474373
-13.500000, -48.509449
15.500000, -32.514790
20.500000, -29.477043
31.500000, -17.512043
-23.500000, -54.522949
17.500000, -34.498638
6.500000, -42.495964
0.500000, -46.525627
27.500000, -29.477043
11.500000, -41.504028
15.500000, -39.520214
-1.500000, -49.501362
37.500000, -22.471638
6.500000, -47.517544
-9.500000, -54.522949
2.500000, -50.493294
29.500000, -35.490543
18.500000, -43.487873
34.500000, -33.506702
29.500000, -38.528290
5.500000, -52.477112
9.500000, -51.485207
1.500000, -55.514874
30.500000, -41.504028
33.500000, -40.512123
15.500000, -52.477112
26.500000, -47.517544
31.500000, -45.471714
48.500000, -34.498638
23.500000, -51.485207
30.500000, -48.509449
28.500000, -51.485207
69.500000, -13.482386
19.500000, -57.498695
33.500000, -51.485207
50.500000, -41.504028
55.500000, -39.520214
33.500000, -55.514874
53.500000, -44.479778
65.500000, -36.482456
46.500000, -52.477112
77.500000, -26.501307
43.500000, -56.506783
66.500000, -43.487873
56.500000, -51.485207
70.500000, -42.495964
75.500000, -40.512123
71.500000, -46.525627
78.500000, -43.487873
82.500000, -41.504028
90.500000, -39.520214
88.500000, -42.495964
100.500000, -32.514790
106.500000, -30.530951
117.500000, -24.517464
-129.000000, -65.000076
-129.000000, -65.000076
-129.000000, -65.000076
-129.000000, -65.000076
-114.500000, -8.522805
-114.500000, -11.498556
-105.500000, -12.490465
-90.500000, -10.506636
-85.500000, -11.498556
-102.500000, -19.495886
-90.500000, -18.503963
-80.500000, -14.474309
-89.500000, -20.487793
-84.500000, -20.487793
-79.500000, -20.487793
-64.500000, -12.490465
-71.500000, -19.495886
-55.500000, -9.514712
-87.500000, -27.493216
-67.500000, -21.479717
-71.500000, -24.517464
-63.500000, -22.471638
-48.500000, -13.482386
-71.500000, -27.493216
-46.500000, -14.474309
-43.500000, -12.490465
-66.500000, -28.485123
-51.500000, -21.479717
-48.500000, -21.479717
-60.500000, -28.485123
-40.500000, -16.520134
-44.500000, -21.479717
-51.500000, -26.501307
-38.500000, -18.503963
-54.500000, -29.477043
-38.500000, -20.487793
-34.500000, -17.512043
-30.500000, -14.474309
-31.500000, -17.512043
-43.500000, -27.493216
-27.500000, -15.528227
-34.500000, -22.471638
-28.500000, -17.512043
-34.500000, -24.517464
-38.500000, -27.493216
-23.500000, -15.528227
-25.500000, -19.495886
-19.500000, -13.482386
-22.500000, -17.512043
-22.500000, -18.503963
-40.500000, -31.522886
-36.500000, -29.477043
-16.500000, -13.482386
-28.500000, -26.501307
-14.500000, -14.474309
-29.500000, -28.485123
-34.500000, -31.522886
-14.500000, -16.520134
-15.500000, -19.495886
-14.500000, -18.503963
-7.500000, -8.522805
-7.500000, -9.514712
-25.500000, -28.485123
-12.500000, -19.495886
-8.500000, -15.528227
-12.500000, -20.487793
-21.500000, -28.485123
-12.500000, -21.479717
-3.500000, -10.506636
-2.500000, -9.514712
-9.500000, -20.487793
-8.500000, -19.495886
-20.500000, -30.530951
-1.500000, -13.482386
-3.500000, -17.512043
-10.500000, -25.509371
-5.500000, -21.479717
-7.500000, -23.525555
-26.500000, -36.482456
-1.500000, -18.503963
-0.500000, -17.512043
-6.500000, -25.509371
2.500000, -16.520134
3.500000, -15.528227
6.500000, -10.506636
3.500000, -17.512043
0.500000, -22.471638
2.500000, -20.487793
-2.500000, -25.509371
8.500000, -13.482386
6.500000, -17.512043
2.500000, -22.471638
6.500000, -19.495886
4.500000, -23.525555
3.500000, -24.517464
1.500000, -26.501307
9.500000, -19.495886
7.500000, -22.471638
6.500000, -24.517464
11.500000, -19.495886
1.500000, -30.530951
-3.500000, -34.498638
13.500000, -20.487793
19.500000, -11.498556
17.500000, -15.528227
6.500000, -29.477043
10.500000, -26.501307
1.500000, -34.498638
-8.500000, -40.512123
8.500000, -30.530951
22.500000, -15.528227
25.500000, -10.506636
24.500000, -13.482386
19.500000, -23.525555
-4.500000, -41.504028
27.500000, -14.474309
28.500000, -12.490465
17.500000, -28.485123
28.500000, -16.520134
-2.500000, -43.487873
21.500000, -27.493216
24.500000, -25.509371
33.500000, -15.528227
-18.500000, -52.477112
25.500000, -27.493216
21.500000, -32.514790
4.500000, -44.479778
34.500000, -21.479717
19.500000, -36.482456
25.500000, -32.514790
10.500000, -43.487873
42.500000, -15.528227
16.500000, -41.504028
8.500000, -46.525627
20.500000, -40.512123
32.500000, -32.514790
38.500000, -29.477043
36.500000, -31.522886
32.500000, -36.482456
20.500000, -45.471714
53.500000, -13.482386
43.500000, -30.530951
41.500000, -32.514790
39.500000, -35.490543
38.500000, -38.528290
44.500000, -34.498638
43.500000, -36.482456
54.500000, -26.501307
41.500000, -40.512123
63.500000, -20.487793
37.500000, -45.471714
60.500000, -26.501307
53.500000, -36.482456
43.500000, -45.471714
64.500000, -29.477043
60.500000, -35.490543
45.500000, -48.509449
59.500000, -38.528290
68.500000, -32.514790
53.500000, -47.517544
85.500000, -9.514712
50.500000, -51.485207
72.500000, -37.474373
81.500000, -29.477043
78.500000, -35.490543
95.500000, -16.520134
81.500000, -38.528290
88.500000, -35.490543
98.500000, -23.525555
93.500000, -33.506702
92.500000, -37.474373
113.500000, -13.482386
113.500000, -22.471638
123.500000, -13.482386
-129.000000, -65.000076
-129.000000, -65.000076
-129.000000, -65.000076
-129.000000, -65.000076
-117.500000, -5.485058
-106.500000, -8.522805
-99.500000, -11.498556
-94.500000, -9.514712
-82.500000, -9.514712
-95.500000, -17.512043
-85.500000, -15.528227
-70.500000, -6.476980
-77.500000, -16.520134
-72.500000, -14.474309
-76.500000, -19.495886
-60.500000, -8.522805
-64.500000, -15.528227
-53.500000, -6.476980
-80.500000, -25.509371
-63.500000, -19.495886
-50.500000, -10.506636
-58.500000, -19.495886
-46.500000, -9.514712
-63.500000, -24.517464
-42.500000, -8.522805
-42.500000, -10.506636
-51.500000, -20.487793
-47.500000, -19.495886
-44.500000, -18.503963
-44.500000, -19.495886
-38.500000, -14.474309
-40.500000, -18.503963
-33.500000, -11.498556
-34.500000, -13.482386
-46.500000, -25.509371
-30.500000, -12.490465
-26.500000, -6.476980
-48.500000, -28.485123
-29.500000, -15.528227
-32.500000, -19.495886
-25.500000, -13.482386
-22.500000, -9.514712
-23.500000, -12.490465
-29.500000, -20.487793
-25.500000, -17.512043
-21.500000, -13.482386
-18.500000, -10.506636
-18.500000, -11.498556
-19.500000, -14.474309
-20.500000, -16.520134
-25.500000, -22.471638
-14.500000, -10.506636
-26.500000, -24.517464
-23.500000, -22.471638
-12.500000, -10.506636
-11.500000, -9.514712
-13.500000, -13.482386
-10.500000, -10.506636
-9.500000, -8.522805
-13.500000, -16.520134
-6.500000, -4.493135
-6.500000, -6.476980
-19.500000, -24.517464
-10.500000, -16.520134
-7.500000, -13.482386
-4.500000, -9.514712
-9.500000, -18.503963
-7.500000, -16.520134
-2.500000, -7.530899
-2.500000, -8.522805
-6.500000, -17.512043
-10.500000, -22.471638
-3.500000, -14.474309
-1.500000, -12.490465
0.500000, -11.498556
2.500000, -6.476980
0.500000, -13.482386
-0.500000, -15.528227
-2.500000, -19.495886
3.500000, -11.498556
2.500000, -13.482386
2.500000, -14.474309
4.500000, -12.490465
4.500000, -13.482386
7.500000, -9.514712
5.500000, -14.474309
7.500000, -11.498556
7.500000, -12.490465
5.500000, -16.520134
9.500000, -10.506636
7.500000, -16.520134
10.500000, -12.490465
11.500000, -11.498556
8.500000, -17.512043
5.500000, -21.479717
15.500000, -6.476980
14.500000, -10.506636
11.500000, -17.512043
14.500000, -13.482386
16.500000, -11.498556
17.500000, -9.514712
5.500000, -27.493216
14.500000, -18.503963
21.500000, -6.476980
21.500000, -7.530899
17.500000, -17.512043
15.500000, -20.487793
19.500000, -16.520134
16.500000, -21.479717
10.500000, -28.485123
26.500000, -6.476980
26.500000, -8.522805
20.500000, -21.479717
-0.500000, -39.520214
1.500000, -38.528290
30.500000, -6.476980
20.500000, -25.509371
21.500000, -24.517464
30.500000, -14.474309
9.500000, -36.482456
25.500000, -24.517464
27.500000, -22.471638
15.500000, -35.490543
-5.500000, -47.517544
29.500000, -23.525555
29.500000, -25.509371
38.500000, -11.498556
37.500000, -17.512043
22.500000, -34.498638
30.500000, -27.493216
35.500000, -23.525555
43.500000, -13.482386
21.500000, -38.528290
24.500000, -36.482456
41.500000, -21.479717
41.500000, -23.525555
44.500000, -20.487793
40.500000, -26.501307
43.500000, -25.509371
42.500000, -28.485123
54.500000, -8.522805
50.500000, -21.479717
47.500000, -26.501307
47.500000, -28.485123
50.500000, -26.501307
48.500000, -30.530951
57.500000, -20.487793
51.500000, -31.522886
53.500000, -29.477043
64.500000, -16.520134
42.500000, -42.495964
70.500000, -3.501228
56.500000, -33.506702
61.500000, -30.530951
68.500000, -23.525555
63.500000, -32.514790
76.500000, -13.482386
70.500000, -28.485123
77.500000, -18.503963
59.500000, -43.487873
86.500000, -4.493135
73.500000, -34.498638
87.500000, -16.520134
85.500000, -25.509371
80.500000, -33.506702
97.500000, -6.476980
87.500000, -32.514790
93.500000, -27.493216
102.500000, -18.503963
95.500000, -31.522886
104.500000, -25.509371
113.500000, -10.506636
114.500000, -17.512043
123.500000, -6.476980
-129.000000, -65.000076
-129.000000, -65.000076
-129.000000, -65.000076
-129.000000, -65.000076
-112.500000, -6.476980
-100.500000, -8.522805
-92.500000, -8.522805
-87.500000, -8.522805
-83.500000, -7.530899
-90.500000, -15.528227
-77.500000, -12.490465
-69.500000, -4.493135
-70.500000, -11.498556
-66.500000, -10.506636
-71.500000, -16.520134
-58.500000, -5.485058
-60.500000, -12.490465
-53.500000, -3.501228
-59.500000, -16.520134
-53.500000, -11.498556
-49.500000, -8.522805
-55.500000, -17.512043
-47.500000, -11.498556
-59.500000, -22.471638
-41.500000, -7.530899
-40.500000, -5.485058
-42.500000, -14.474309
-37.500000, -7.530899
-44.500000, -17.512043
-38.500000, -13.482386
-35.500000, -11.498556
-37.500000, -15.528227
-31.500000, -7.530899
-33.500000, -12.490465
-34.500000, -16.520134
-44.500000, -24.517464
-25.500000, -4.493135
-38.500000, -22.471638
-26.500000, -11.498556
-23.500000, -7.530899
-25.500000, -12.490465
-23.500000, -10.506636
-19.500000, -5.485058
-27.500000, -18.503963
-20.500000, -11.498556
-18.500000, -7.530899
-18.500000, -9.514712
-15.500000, -6.476980
-15.500000, -7.530899
-17.500000, -12.490465
-23.500000, -20.487793
-13.500000, -7.530899
-12.500000, -6.476980
-18.500000, -17.512043
-11.500000, -7.530899
-10.500000, -6.476980
-9.500000, -7.530899
-8.500000, -5.485058
-10.500000, -12.490465
-11.500000, -14.474309
-6.500000, -3.501228
-11.500000, -17.512043
-17.500000, -23.525555
-6.500000, -10.506636
-7.500000, -12.490465
-4.500000, -7.530899
-7.500000, -15.528227
-6.500000, -14.474309
-1.500000, -2.509306
-1.500000, -4.493135
-5.500000, -16.520134
-1.500000, -10.506636
-2.500000, -12.490465
-0.500000, -11.498556
0.500000, -9.514712
2.500000, -7.530899
1.500000, -11.498556
3.500000, -6.476980
1.500000, -12.490465
4.500000, -9.514712
5.500000, -7.530899
3.500000, -13.482386
6.500000, -8.522805
7.500000, -5.485058
7.500000, -7.530899
8.500000, -8.522805
9.500000, -8.522805
8.500000, -12.490465
10.500000, -8.522805
10.500000, -9.514712
11.500000, -7.530899
11.500000, -10.506636
12.500000, -9.514712
10.500000, -14.474309
10.500000, -15.528227
15.500000, -4.493135
15.500000, -8.522805
13.500000, -14.474309
15.500000, -11.498556
18.500000, -7.530899
14.500000, -16.520134
9.500000, -23.525555
17.500000, -13.482386
21.500000, -3.501228
21.500000, -5.485058
20.500000, -12.490465
20.500000, -14.474309
18.500000, -19.495886
14.500000, -24.517464
20.500000, -17.512043
23.500000, -12.490465
26.500000, 4.496100
26.500000, -11.498556
24.500000, -16.520134
4.500000, -36.482456
30.500000, -4.493135
23.500000, -22.471638
26.500000, -18.503963
30.500000, -13.482386
32.500000, -8.522805
28.500000, -20.487793
33.500000, -13.482386
36.500000, 0.528441
31.500000, -19.495886
33.500000, -17.512043
32.500000, -21.479717
40.500000, -4.493135
38.500000, -15.528227
37.500000, -18.503963
32.500000, -25.509371
38.500000, -20.487793
44.500000, -8.522805
32.500000, -29.477043
37.500000, -25.509371
48.500000, -3.501228
45.500000, -17.512043
46.500000, -18.503963
49.500000, -14.474309
47.500000, -20.487793
46.500000, -23.525555
54.500000, -12.490465
55.500000, -10.506636
54.500000, -16.520134
51.500000, -23.525555
54.500000, -21.479717
51.500000, -27.493216
59.500000, -17.512043
58.500000, -21.479717
57.500000, -24.517464
65.500000, -12.490465
46.500000, -39.520214
70.500000, -1.517384
65.500000, -22.471638
70.500000, -15.528227
71.500000, -20.487793
67.500000, -26.501307
78.500000, -8.522805
72.500000, -24.517464
82.500000, -7.530899
62.500000, -40.512123
80.500000, -24.517464
76.500000, -31.522886
91.500000, -7.530899
86.500000, -22.471638
91.500000, -20.487793
96.500000, 11.501522
89.500000, -29.477043
98.500000, -20.487793
105.500000, -10.506636
98.500000, -28.485123
103.500000, -23.525555
115.500000, -4.493135
117.500000, -15.528227
127.500000, -5.485058
-129.000000, -65.000076
-129.000000, -65.000076
-129.000000, -65.000076
-129.000000, -65.000076
-106.500000, -5.485058
-97.500000, -4.493135
-95.500000, -6.476980
-84.500000, -4.493135
-81.500000, -4.493135
-88.500000, -14.474309
-77.500000, -10.506636
-69.500000, -2.509306
-69.500000, -8.522805
-65.500000, -8.522805
-68.500000, -13.482386
-57.500000, -6.476980
-60.500000, -11.498556
-53.500000, -2.509306
-57.500000, -14.474309
-50.500000, -6.476980
-47.500000, 0.528441
-53.500000, -14.474309
-44.500000, -3.501228
-55.500000, -20.487793
-40.500000, -3.501228
-46.500000, -16.520134
-40.500000, -9.514712
-38.500000, -10.506636
-38.500000, -11.498556
-34.500000, -7.530899
-34.500000, -10.506636
-33.500000, -9.514712
-30.500000, -6.476980
-31.500000, -11.498556
-32.500000, -14.474309
-28.500000, -10.506636
-25.500000, -3.501228
-28.500000, -12.490465
-26.500000, -9.514712
-22.500000, -5.485058
-22.500000, -8.522805
-21.500000, -8.522805
-19.500000, -3.501228
-20.500000, -9.514712
-21.500000, -12.490465
-17.500000, -4.493135
-17.500000, -8.522805
-15.500000, -2.509306
-15.500000, -3.501228
-15.500000, -9.514712
-16.500000, -11.498556
-12.500000, -3.501228
-12.500000, -5.485058
-14.500000, -12.490465
-10.500000, -3.501228
-10.500000, -4.493135
-11.500000, -11.498556
-8.500000, -2.509306
-8.500000, -3.501228
-9.500000, -10.506636
-6.500000, -2.509306
-9.500000, -14.474309
-7.500000, -11.498556
-4.500000, -3.501228
-4.500000, -5.485058
-3.500000, -6.476980
-4.500000, -11.498556
-5.500000, -13.482386
-1.500000, 0.528441
-5.500000, -15.528227
-3.500000, -12.490465
0.500000, -3.501228
0.500000, -4.493135
0.500000, -7.530899
0.500000, -8.522805
3.500000, -4.493135
3.500000, -5.485058
2.500000, -10.506636
3.500000, -9.514712
4.500000, -7.530899
5.500000, -5.485058
6.500000, -6.476980
7.500000, -4.493135
8.500000, -3.501228
8.500000, -5.485058
8.500000, -7.530899
10.500000, -4.493135
10.500000, -5.485058
10.500000, -6.476980
11.500000, -3.501228
12.500000, -7.530899
12.500000, -8.522805
13.500000, -6.476980
13.500000, -7.530899
11.500000, -13.482386
15.500000, -2.509306
16.500000, -7.530899
16.500000, -8.522805
16.500000, -9.514712
18.500000, -3.501228
17.500000, -12.490465
16.500000, -14.474309
18.500000, -11.498556
21.500000, -1.517384
22.500000, -2.509306
22.500000, -4.493135
21.500000, -9.514712
23.500000, -8.522805
22.500000, -11.498556
25.500000, -7.530899
25.500000, 9.517676
27.500000, -4.493135
28.500000, -6.476980
12.500000, -30.530951
7.500000, -34.498638
30.500000, -3.501228
30.500000, -10.506636
31.500000, -7.530899
32.500000, -7.530899
32.500000, -11.498556
34.500000, -9.514712
35.500000, -7.530899
36.500000, 1.520349
35.500000, -13.482386
36.500000, -11.498556
33.500000, -19.495886
40.500000, 2.512271
39.500000, -12.490465
39.500000, -14.474309
41.500000, -12.490465
44.500000, -5.485058
45.500000, -2.509306
35.500000, -26.501307
42.500000, -18.503963
48.500000, 0.528441
46.500000, -14.474309
49.500000, -8.522805
49.500000, -12.490465
51.500000, -11.498556
49.500000, -18.503963
55.500000, -1.517384
56.500000, -3.501228
57.500000, -8.522805
54.500000, -19.495886
58.500000, -13.482386
59.500000, -15.528227
63.500000, -8.522805
62.500000, -14.474309
66.500000, -6.476980
67.500000, -10.506636
55.500000, -31.522886
71.500000, 3.504193
68.500000, -18.503963
72.500000, -11.498556
72.500000, -18.503963
73.500000, -16.520134
78.500000, -5.485058
74.500000, -22.471638
78.500000, 17.515007
75.500000, -28.485123
87.500000, 5.488022
83.500000, -19.495886
87.500000, -13.482386
88.500000, -18.503963
92.500000, -14.474309
96.500000, -1.517384
92.500000, -24.517464
99.500000, -16.520134
105.500000, -7.530899
105.500000, -15.528227
107.500000, -19.495886
113.500000, 2.512271
118.500000, -12.490465
124.500000, -2.509306
-129.000000, -65.000076
-129.000000, -65.000076
-129.000000, -65.000076
-129.000000, -65.000076
-114.500000, -2.509306
-99.500000, -2.509306
-89.500000, -5.485058
-82.500000, -2.509306
-77.500000, -1.517384
-78.500000, -7.530899
-74.500000, -9.514712
-69.500000, 0.528441
-66.500000, -6.476980
-63.500000, -7.530899
-62.500000, -9.514712
-59.500000, 5.488022
-59.500000, -10.506636
-52.500000, -5.485058
-55.500000, -12.490465
-49.500000, -5.485058
-47.500000, 2.512271
-52.500000, -13.482386
-44.500000, 2.512271
-53.500000, -18.503963
-40.500000, -1.517384
-38.500000, -2.509306
-38.500000, -4.493135
-36.500000, -4.493135
-36.500000, -8.522805
-33.500000, -3.501228
-33.500000, -5.485058
-30.500000, -3.501228
-29.500000, -4.493135
-30.500000, -9.514712
-28.500000, -7.530899
-27.500000, -5.485058
-25.500000, -1.517384
-24.500000, -5.485058
-25.500000, -8.522805
-22.500000, -3.501228
-21.500000, -5.485058
-21.500000, -6.476980
-21.500000, -7.530899
-19.500000, -2.509306
-18.500000, -6.476980
-17.500000, -2.509306
-16.500000, -5.485058
-15.500000, 3.504193
-14.500000, -5.485058
-13.500000, 1.520349
-14.500000, -8.522805
-12.500000, -2.509306
-13.500000, -9.514712
-12.500000, -8.522805
-10.500000, -2.509306
-9.500000, -2.509306
-8.500000, 0.528441
-8.500000, 1.520349
-8.500000, -7.530899
-7.500000, -3.501228
-6.500000, -1.517384
-6.500000, -8.522805
-6.500000, -9.514712
-4.500000, -2.509306
-3.500000, -2.509306
-3.500000, -3.501228
-4.500000, -10.506636
-2.500000, -5.485058
-1.500000, 1.520349
-0.500000, -5.485058
-0.500000, -6.476980
0.500000, -2.509306
1.500000, -4.493135
1.500000, -5.485058
2.500000, -2.509306
3.500000, -1.517384
3.500000, -3.501228
3.500000, -8.522805
4.500000, -5.485058
5.500000, -4.493135
6.500000, -2.509306
6.500000, -3.501228
7.500000, 0.528441
7.500000, -2.509306
8.500000, -2.509306
9.500000, -3.501228
10.500000, -1.517384
10.500000, -2.509306
11.500000, -2.509306
11.500000, 2.512271
11.500000, 4.496100
12.500000, -5.485058
13.500000, -3.501228
13.500000, -4.493135
12.500000, -12.490465
15.500000, -1.517384
16.500000, -2.509306
16.500000, 1.520349
17.500000, -5.485058
18.500000, -1.517384
19.500000, -4.493135
19.500000, -6.476980
19.500000, -9.514712
21.500000, 1.520349
22.500000, 0.528441
22.500000, 3.504193
21.500000, -12.490465
24.500000, -4.493135
24.500000, -5.485058
25.500000, -6.476980
20.500000, 17.515007
27.500000, -2.509306
28.500000, 0.528441
23.500000, -18.503963
17.500000, -26.501307
30.500000, 2.512271
31.500000, -1.517384
31.500000, 1.520349
33.500000, -3.501228
33.500000, -5.485058
34.500000, -3.501228
35.500000, -1.517384
36.500000, 5.488022
36.500000, -8.522805
38.500000, -9.514712
39.500000, -7.530899
40.500000, 6.479944
40.500000, -9.514712
41.500000, -8.522805
41.500000, -10.506636
44.500000, 0.528441
45.500000, 2.512271
42.500000, -16.520134
45.500000, -11.498556
48.500000, 4.496100
48.500000, -11.498556
51.500000, -5.485058
51.500000, -9.514712
53.500000, -6.476980
50.500000, -16.520134
55.500000, 2.512271
57.500000, -5.485058
58.500000, -1.517384
57.500000, -12.490465
60.500000, -6.476980
61.500000, -11.498556
63.500000, 3.504193
63.500000, -9.514712
66.500000, -3.501228
68.500000, -5.485058
57.500000, -29.477043
70.500000, 0.528441
71.500000, -9.514712
73.500000, -8.522805
75.500000, -2.509306
76.500000, -9.514712
78.500000, 5.488022
81.500000, 1.520349
78.500000, -15.528227
78.500000, -22.471638
85.500000, 11.501522
86.500000, 9.517676
90.500000, 11.501522
91.500000, -10.506636
93.500000, -9.514712
98.500000, 5.488022
98.500000, -11.498556
101.500000, -13.482386
104.500000, -3.501228
107.500000, -13.482386
110.500000, -7.530899
114.500000, 8.525770
119.500000, -8.522805
124.500000, 2.512271
-129.000000, -65.000076
-129.000000, -65.000076
-129.000000, -65.000076
-129.000000, -65.000076
-104.500000, -3.501228
-102.500000, 0.528441
-92.500000, -3.501228
-86.500000, -1.517384
-81.500000, 0.528441
-76.500000, -5.485058
-74.500000, -7.530899
-69.500000, 3.504193
-66.500000, -4.493135
-63.500000, -5.485058
-60.500000, -6.476980
-60.500000, 8.525770
-56.500000, -7.530899
-54.500000, 5.488022
-53.500000, -8.522805
-48.500000, -3.501228
-48.500000, 4.496100
-51.500000, -12.490465
-44.500000, 4.496100
-52.500000, -17.512043
-40.500000, 2.512271
-39.500000, 0.528441
-36.500000, 1.520349
-36.500000, -6.476980
-35.500000, -5.485058
-33.500000, -1.517384
-32.500000, -5.485058
-31.500000, -1.517384
-29.500000, -1.517384
-29.500000, 0.528441
-27.500000, -2.509306
-26.500000, 2.512271
-25.500000, 1.520349
-24.500000, -2.509306
-23.500000, -5.485058
-22.500000, -2.509306
-21.500000, -1.517384
-20.500000, 0.528441
-20.500000, -4.493135
-18.500000, -2.509306
-17.500000, 0.528441
-17.500000, 1.520349
-16.500000, 1.520349
-16.500000, 3.504193
-14.500000, -2.509306
-14.500000, -4.493135
-13.500000, 3.504193
-12.500000, -1.517384
-11.500000, -1.517384
-11.500000, 0.528441
-10.500000, -1.517384
-9.500000, -1.517384
-9.500000, 2.512271
-8.500000, 2.512271
-7.500000, -1.517384
-6.500000, 0.528441
-6.500000, 1.520349
-5.500000, -1.517384
-5.500000, 1.520349
-4.500000, 0.528441
-3.500000, 2.512271
-3.500000, 3.504193
-2.500000, -3.501228
-2.500000, -4.493135
-1.500000, 2.512271
-0.500000, -1.517384
-0.500000, -2.509306
0.500000, -1.517384
1.500000, 0.528441
1.500000, 1.520349
2.500000, -1.517384
2.500000, 1.520349
3.500000, 0.528441
3.500000, 1.520349
5.500000, -1.517384
5.500000, 0.528441
6.500000, -1.517384
6.500000, 1.520349
7.500000, 1.520349
8.500000, -1.517384
8.500000, 2.512271
9.500000, 1.520349
9.500000, 2.512271
10.500000, 0.528441
10.500000, 6.479944
11.500000, 5.488022
12.500000, -1.517384
12.500000, -3.501228
13.500000, 0.528441
13.500000, 1.520349
14.500000, -7.530899
15.500000, 0.528441
16.500000, 6.479944
17.500000, 0.528441
17.500000, -3.501228
18.500000, 2.512271
19.500000, 0.528441
19.500000, 1.520349
19.500000, -8.522805
20.500000, -4.493135
21.500000, 4.496100
22.500000, 4.496100
22.500000, -10.506636
24.500000, 1.520349
25.500000, -3.501228
25.500000, -4.493135
17.500000, 21.482679
27.500000, -1.517384
28.500000, 5.488022
24.500000, 15.469182
28.500000, -8.522805
28.500000, -9.514712
31.500000, 4.496100
31.500000, 6.479944
33.500000, -2.509306
32.500000, 11.501522
31.500000, 14.477274
35.500000, 2.512271
35.500000, 9.517676
37.500000, -5.485058
38.500000, -1.517384
39.500000, -6.476980
39.500000, 7.471852
41.500000, 1.520349
42.500000, -6.476980
43.500000, -4.493135
43.500000, 3.504193
45.500000, 4.496100
45.500000, 6.479944
46.500000, -9.514712
47.500000, 8.525770
50.500000, -7.530899
51.500000, -1.517384
51.500000, 1.520349
53.500000, -5.485058
54.500000, 5.488022
55.500000, 4.496100
57.500000, 1.520349
57.500000, 3.504193
58.500000, -10.506636
60.500000, -3.501228
62.500000, -5.485058
62.500000, 8.525770
64.500000, 1.520349
65.500000, 7.471852
67.500000, 3.504193
69.500000, 8.525770
70.500000, 6.479944
73.500000, -1.517384
73.500000, -5.485058
76.500000, 4.496100
77.500000, 1.520349
77.500000, 11.501522
79.500000, -10.506636
69.500000, 30.471933
80.500000, -20.487793
84.500000, 13.485352
89.500000, 7.471852
89.500000, 13.485352
92.500000, -4.493135
96.500000, 3.504193
95.500000, 15.469182
99.500000, -4.493135
101.500000, -8.522805
105.500000, -1.517384
107.500000, -5.485058
110.500000, -2.509306
111.500000, 11.501522
117.500000, 0.528441
126.500000, 5.488022
-129.000000, -65.000076
-129.000000, -65.000076
-129.000000, -65.000076
-129.000000, -65.000076
-108.500000, -1.517384
-95.500000, 2.512271
-91.500000, 2.512271
-86.500000, 0.528441
-80.500000, 5.488022
-76.500000, -3.501228
-73.500000, -4.493135
-70.500000, 6.479944
-66.500000, -2.509306
-62.500000, -2.509306
-59.500000, -4.493135
-56.500000, -2.509306
-56.500000, -5.485058
-55.500000, 6.479944
-52.500000, 1.520349
-49.500000, -1.517384
-50.500000, 9.517676
-46.500000, -7.530899
-45.500000, 5.488022
-46.500000, -10.506636
-42.500000, 7.471852
-40.500000, 4.496100
-37.500000, 2.512271
-37.500000, 5.488022
-35.500000, -2.509306
-33.500000, 1.520349
-32.500000, 0.528441
-31.500000, 0.528441
-29.500000, 1.520349
-29.500000, 3.504193
-27.500000, 0.528441
-27.500000, 2.512271
-25.500000, 4.496100
-24.500000, 0.528441
-23.500000, -1.517384
-22.500000, 1.520349
-21.500000, 0.528441
-21.500000, 4.496100
-19.500000, 4.496100
-18.500000, -1.517384
-18.500000, 1.520349
-17.500000, 3.504193
-16.500000, 4.496100
-16.500000, 5.488022
-14.500000, -1.517384
-14.500000, 0.528441
-13.500000, 4.496100
-12.500000, 0.528441
-12.500000, 1.520349
-11.500000, 1.520349
-10.500000, 0.528441
-9.500000, 5.488022
-11.500000, 10.509600
-8.500000, 3.504193
-7.500000, 1.520349
-7.500000, 2.512271
-6.500000, 3.504193
-6.500000, 4.496100
-5.500000, 2.512271
-4.500000, 1.520349
-3.500000, 4.496100
-3.500000, 5.488022
-2.500000, -1.517384
-2.500000, 0.528441
-1.500000, 3.504193
-0.500000, 0.528441
-0.500000, 1.520349
0.500000, 0.528441
0.500000, 2.512271
1.500000, 2.512271
2.500000, 2.512271
2.500000, 3.504193
3.500000, 2.512271
4.500000, -2.509306
4.500000, -3.501228
5.500000, 1.520349
6.500000, 2.512271
6.500000, 3.504193
7.500000, 3.504193
8.500000, 3.504193
7.500000, 7.471852
9.500000, 4.496100
9.500000, 5.488022
10.500000, 3.504193
10.500000, 4.496100
10.500000, 8.525770
12.500000, 1.520349
12.500000, 3.504193
13.500000, 3.504193
14.500000, -2.509306
14.500000, -5.485058
15.500000, 2.512271
15.500000, 4.496100
17.500000, 3.504193
17.500000, 4.496100
18.500000, 5.488022
19.500000, 4.496100
20.500000, -2.509306
20.500000, 2.512271
20.500000, 3.504193
21.500000, 6.479944
22.500000, 5.488022
23.500000, -2.509306
24.500000, 4.496100
25.500000, -2.509306
25.500000, 2.512271
15.500000, 23.528507
27.500000, 0.528441
27.500000, 1.520349
29.500000, -2.509306
29.500000, 4.496100
28.500000, 10.509600
29.500000, 8.525770
29.500000, 10.509600
33.500000, 0.528441
33.500000, 1.520349
27.500000, 20.490759
34.500000, 7.471852
37.500000, -3.501228
37.500000, 3.504193
38.500000, 0.528441
39.500000, -3.501228
39.500000, 9.517676
41.500000, 4.496100
42.500000, -2.509306
42.500000, 7.471852
41.500000, 12.493429
44.500000, 9.517676
46.500000, -3.501228
47.500000, -6.476980
47.500000, 9.517676
50.500000, 3.504193
51.500000, 2.512271
52.500000, -3.501228
53.500000, 6.479944
47.500000, 21.482679
54.500000, 8.525770
55.500000, 11.501522
57.500000, 7.471852
59.500000, 0.528441
61.500000, 6.479944
62.500000, -1.517384
60.500000, 13.485352
63.500000, 12.493429
65.500000, 10.509600
67.500000, 5.488022
61.500000, -24.517464
68.500000, 12.493429
73.500000, 1.520349
73.500000, 10.509600
74.500000, 7.471852
72.500000, 18.506929
71.500000, 23.528507
80.500000, -2.509306
83.500000, 6.479944
82.500000, -16.520134
79.500000, 22.474604
88.500000, -8.522805
85.500000, 17.515007
92.500000, 1.520349
94.500000, 13.485352
92.500000, 19.498852
100.500000, 1.520349
102.500000, 3.504193
105.500000, 5.488022
107.500000, 2.512271
110.500000, 4.496100
112.500000, 14.477274
117.500000, 3.504193
120.500000, 7.471852
-129.000000, -65.000076
-129.000000, -65.000076
-129.000000, -65.000076
-129.000000, -65.000076
-116.500000, 0.528441
-98.500000, 4.496100
-91.500000, 6.479944
-83.500000, 2.512271
-83.500000, 8.525770
-74.500000, 0.528441
-72.500000, -1.517384
-76.500000, 12.493429
-64.500000, 0.528441
-61.500000, 2.512271
-61.500000, 7.471852
-63.500000, 11.501522
-56.500000, 1.520349
-55.500000, 7.471852
-50.500000, 3.504193
-50.500000, 6.479944
-53.500000, 12.493429
-46.500000, -5.485058
-45.500000, 7.471852
-43.500000, -5.485058
-42.500000, 5.488022
-40.500000, 6.479944
-37.500000, 3.504193
-36.500000, 6.479944
-34.500000, 3.504193
-35.500000, 7.471852
-33.500000, 5.488022
-31.500000, 3.504193
-30.500000, 2.512271
-29.500000, 5.488022
-27.500000, 4.496100
-27.500000, 6.479944
-26.500000, 5.488022
-26.500000, 7.471852
-23.500000, 2.512271
-24.500000, 9.517676
-22.500000, 5.488022
-20.500000, 2.512271
-20.500000, 7.471852
-18.500000, 3.504193
-18.500000, 5.488022
-17.500000, 5.488022
-17.500000, 7.471852
-16.500000, 7.471852
-14.500000, 2.512271
-14.500000, 5.488022
-14.500000, 7.471852
-12.500000, 2.512271
-12.500000, 4.496100
-11.500000, 3.504193
-10.500000, 2.512271
-10.500000, 3.504193
-13.500000, 12.493429
-8.500000, 4.496100
-8.500000, 6.479944
-8.500000, 7.471852
-6.500000, 5.488022
-5.500000, 3.504193
-5.500000, 5.488022
-4.500000, 4.496100
-4.500000, 6.479944
-4.500000, 7.471852
-2.500000, 1.520349
-2.500000, 5.488022
-1.500000, 4.496100
-1.500000, 5.488022
-0.500000, 2.512271
0.500000, 3.504193
0.500000, 4.496100
1.500000, 3.504193
1.500000, 8.525770
2.500000, 5.488022
2.500000, 7.471852
4.500000, 0.528441
4.500000, 2.512271
5.500000, 4.496100
5.500000, 7.471852
6.500000, 4.496100
7.500000, 4.496100
7.500000, 5.488022
5.500000, 11.501522
8.500000, 8.525770
9.500000, 6.479944
9.500000, 7.471852
8.500000, 10.509600
9.500000, 10.509600
11.500000, 8.525770
12.500000, 6.479944
13.500000, 5.488022
14.500000, 2.512271
14.500000, 8.525770
13.500000, 11.501522
14.500000, 9.517676
15.500000, 7.471852
17.500000, 6.479944
16.500000, 9.517676
18.500000, 8.525770
17.500000, 11.501522
20.500000, 5.488022
19.500000, 10.509600
20.500000, 8.525770
20.500000, 10.509600
23.500000, 2.512271
23.500000, 7.471852
24.500000, 6.479944
25.500000, 5.488022
13.500000, 25.512337
27.500000, 3.504193
27.500000, 6.479944
22.500000, 18.506929
29.500000, 6.479944
27.500000, 12.493429
26.500000, 14.477274
32.500000, 0.528441
33.500000, 3.504193
33.500000, 4.496100
22.500000, 25.512337
33.500000, 10.509600
29.500000, 19.498852
37.500000, 7.471852
38.500000, 4.496100
36.500000, 14.477274
38.500000, 11.501522
38.500000, 13.485352
42.500000, -1.517384
38.500000, 17.515007
40.500000, 16.523100
43.500000, 11.501522
46.500000, -1.517384
47.500000, -4.493135
45.500000, 13.485352
30.500000, 33.509666
50.500000, 6.479944
51.500000, 4.496100
51.500000, 9.517676
48.500000, 17.515007
52.500000, 13.485352
49.500000, 22.474604
57.500000, 9.517676
59.500000, 2.512271
59.500000, 11.501522
58.500000, 15.469182
51.500000, 27.496180
60.500000, 16.523100
58.500000, 23.528507
64.500000, 14.477274
67.500000, -14.474309
67.500000, 16.523100
66.500000, 20.490759
72.500000, 13.485352
69.500000, 20.490759
63.500000, 30.471933
70.500000, 25.512337
79.500000, 12.493429
76.500000, 19.498852
82.500000, -13.482386
74.500000, 29.480009
88.500000, -2.509306
87.500000, 18.506929
92.500000, 5.488022
93.500000, 9.517676
89.500000, 24.520428
94.500000, 17.515007
92.500000, 29.480009
104.500000, 11.501522
107.500000, 8.525770
108.500000, 13.485352
109.500000, 19.498852
116.500000, 12.493429
120.500000, 10.509600
-129.000000, -65.000076
-129.000000, -65.000076
-129.000000, -65.000076
-129.000000, -65.000076
-110.500000, 1.520349
-105.500000, 4.496100
-96.500000, 6.479944
-88.500000, 5.488022
-86.500000, 9.517676
-76.500000, 3.504193
-73.500000, 4.496100
-82.500000, 15.469182
-64.500000, 3.504193
-64.500000, 5.488022
-68.500000, 12.493429
-70.500000, 16.523100
-56.500000, 3.504193
-56.500000, 9.517676
-51.500000, 5.488022
-53.500000, 10.509600
-56.500000, 15.469182
-46.500000, -1.517384
-46.500000, 9.517676
-42.500000, -1.517384
-45.500000, 11.501522
-42.500000, 9.517676
-40.500000, 8.525770
-39.500000, 10.509600
-37.500000, 7.471852
-38.500000, 12.493429
-33.500000, 6.479944
-31.500000, 4.496100
-32.500000, 8.525770
-30.500000, 6.479944
-32.500000, 12.493429
-29.500000, 9.517676
-27.500000, 8.525770
-27.500000, 9.517676
-23.500000, 3.504193
-23.500000, 5.488022
-22.500000, 6.479944
-20.500000, 3.504193
-21.500000, 8.525770
-22.500000, 10.509600
-19.500000, 6.479944
-19.500000, 8.525770
-19.500000, 9.517676
-18.500000, 8.525770
-15.500000, 6.479944
-16.500000, 10.509600
-16.500000, 11.501522
-13.500000, 6.479944
-12.500000, 5.488022
-12.500000, 8.525770
-11.500000, 6.479944
-10.500000, 5.488022
-10.500000, 9.517676
-12.500000, 13.485352
-9.500000, 8.525770
-9.500000, 9.517676
-7.500000, 6.479944
-7.500000, 9.517676
-6.500000, 8.525770
-5.500000, 7.471852
-4.500000, 5.488022
-5.500000, 10.509600
-4.500000, 9.517676
-11.500000, 19.498852
-2.500000, 7.471852
-2.500000, 8.525770
-0.500000, 3.504193
-0.500000, 6.479944
0.500000, 5.488022
0.500000, 6.479944
1.500000, 4.496100
-0.500000, 12.493429
1.500000, 10.509600
4.500000, 4.496100
4.500000, 5.488022
4.500000, 7.471852
3.500000, 12.493429
5.500000, 8.525770
6.500000, 6.479944
6.500000, 7.471852
4.500000, 13.485352
2.500000, 16.523100
7.500000, 9.517676
7.500000, 12.493429
8.500000, 11.501522
8.500000, 12.493429
10.500000, 9.517676
10.500000, 10.509600
12.500000, 7.471852
13.500000, 6.479944
14.500000, 5.488022
12.500000, 12.493429
9.500000, 18.506929
10.500000, 17.515007
15.500000, 11.501522
13.500000, 15.469182
17.500000, 8.525770
19.500000, 7.471852
20.500000, 6.479944
18.500000, 12.493429
12.500000, 21.482679
19.500000, 12.493429
19.500000, 14.477274
22.500000, 9.517676
23.500000, 8.525770
24.500000, 9.517676
25.500000, 6.479944
25.500000, 10.509600
26.500000, 8.525770
23.500000, 17.515007
24.500000, 16.523100
20.500000, 23.528507
21.500000, 22.474604
28.500000, 13.485352
32.500000, 5.488022
32.500000, 8.525770
19.500000, 28.488087
32.500000, 13.485352
35.500000, 10.509600
27.500000, 24.520428
32.500000, 18.506929
34.500000, 17.515007
36.500000, 15.469182
38.500000, 14.477274
42.500000, 5.488022
37.500000, 19.498852
31.500000, 27.496180
33.500000, 25.512337
42.500000, 14.477274
47.500000, 2.512271
44.500000, 15.469182
15.500000, 43.490837
48.500000, 11.501522
48.500000, 14.477274
50.500000, 12.493429
40.500000, 28.488087
50.500000, 18.506929
53.500000, 15.469182
46.500000, 27.496180
59.500000, 4.496100
57.500000, 13.485352
56.500000, 20.490759
46.500000, 32.517757
59.500000, 18.506929
54.500000, 28.488087
57.500000, 27.496180
69.500000, -7.530899
65.500000, 18.506929
65.500000, 22.474604
71.500000, 15.469182
64.500000, 27.496180
62.500000, 32.517757
60.500000, 35.493507
79.500000, 8.525770
73.500000, 27.496180
84.500000, 3.504193
82.500000, 20.490759
88.500000, 2.512271
84.500000, 22.474604
89.500000, 16.523100
88.500000, 20.490759
87.500000, 27.496180
98.500000, 8.525770
89.500000, 31.525833
102.500000, 13.485352
99.500000, 24.520428
107.500000, 16.523100
103.500000, 27.496180
117.500000, 16.523100
123.500000, 12.493429
-129.000000, -65.000076
-129.000000, -65.000076
-129.000000, -65.000076
-129.000000, -65.000076
-118.500000, 2.512271
-103.500000, 7.471852
-99.500000, 8.525770
-91.500000, 8.525770
-93.500000, 12.493429
-76.500000, 6.479944
-73.500000, 7.471852
-85.500000, 17.515007
-69.500000, 10.509600
-66.500000, 8.525770
-74.500000, 17.515007
-83.500000, 22.474604
-60.500000, 9.517676
-67.500000, 18.506929
-52.500000, 7.471852
-56.500000, 14.477274
-61.500000, 18.506929
-48.500000, 7.471852
-50.500000, 12.493429
-42.500000, 0.528441
-47.500000, 14.477274
-44.500000, 13.485352
-44.500000, 14.477274
-40.500000, 11.501522
-37.500000, 9.517676
-42.500000, 16.523100
-36.500000, 11.501522
-34.500000, 9.517676
-32.500000, 9.517676
-30.500000, 7.471852
-34.500000, 14.477274
-31.500000, 13.485352
-29.500000, 11.501522
-31.500000, 15.469182
-24.500000, 6.479944
-27.500000, 13.485352
-24.500000, 10.509600
-20.500000, 5.488022
-26.500000, 16.523100
-25.500000, 15.469182
-22.500000, 12.493429
-20.500000, 10.509600
-20.500000, 12.493429
-21.500000, 14.477274
-16.500000, 8.525770
-16.500000, 9.517676
-17.500000, 13.485352
-19.500000, 16.523100
-18.500000, 15.469182
-13.500000, 9.517676
-11.500000, 7.471852
-12.500000, 10.509600
-14.500000, 15.469182
-13.500000, 14.477274
-11.500000, 12.493429
-11.500000, 13.485352
-9.500000, 11.501522
-8.500000, 11.501522
-7.500000, 10.509600
-8.500000, 13.485352
-6.500000, 11.501522
-6.500000, 12.493429
-21.500000, 27.496180
-19.500000, 26.504259
-3.500000, 9.517676
-4.500000, 11.501522
-1.500000, 7.471852
-2.500000, 11.501522
-1.500000, 10.509600
0.500000, 8.525770
-2.500000, 15.469182
-1.500000, 14.477274
-0.500000, 13.485352
3.500000, 6.479944
2.500000, 10.509600
3.500000, 9.517676
4.500000, 8.525770
2.500000, 13.485352
2.500000, 14.477274
5.500000, 10.509600
1.500000, 18.506929
0.500000, 20.490759
7.500000, 10.509600
6.500000, 13.485352
6.500000, 14.477274
4.500000, 18.506929
6.500000, 17.515007
7.500000, 16.523100
10.500000, 12.493429
12.500000, 8.525770
12.500000, 10.509600
12.500000, 13.485352
7.500000, 20.490759
7.500000, 21.482679
2.500000, 26.504259
14.500000, 13.485352
16.500000, 12.493429
17.500000, 12.493429
18.500000, 10.509600
19.500000, 8.525770
10.500000, 23.528507
17.500000, 16.523100
19.500000, 15.469182
21.500000, 12.493429
22.500000, 10.509600
22.500000, 13.485352
11.500000, 27.496180
2.500000, 34.501587
24.500000, 12.493429
20.500000, 20.490759
22.500000, 19.498852
13.500000, 29.480009
18.500000, 25.512337
29.500000, 12.493429
31.500000, 10.509600
28.500000, 16.523100
14.500000, 32.517757
31.500000, 15.469182
22.500000, 27.496180
35.500000, 12.493429
21.500000, 30.471933
32.500000, 20.490759
31.500000, 22.474604
37.500000, 16.523100
40.500000, 10.509600
41.500000, 8.525770
30.500000, 28.488087
37.500000, 22.474604
45.500000, 10.509600
46.500000, 7.471852
44.500000, 16.523100
11.500000, 45.474670
45.500000, 18.506929
42.500000, 23.528507
38.500000, 30.471933
27.500000, 39.523167
49.500000, 20.490759
41.500000, 31.525833
48.500000, 24.520428
44.500000, 29.480009
54.500000, 18.506929
48.500000, 29.480009
54.500000, 22.474604
55.500000, 25.512337
51.500000, 30.471933
50.500000, 34.501587
68.500000, 10.509600
62.500000, 24.520428
63.500000, 25.512337
54.500000, 35.493507
62.500000, 29.480009
53.500000, 40.515083
57.500000, 37.477333
61.500000, 37.477333
56.500000, 42.498917
65.500000, 35.493507
70.500000, 33.509666
73.500000, 31.525833
82.500000, 25.512337
82.500000, 28.488087
79.500000, 32.517757
82.500000, 35.493507
93.500000, 22.474604
81.500000, 40.515083
100.500000, 17.515007
95.500000, 32.517757
105.500000, 21.482679
103.500000, 31.525833
114.500000, 18.506929
119.500000, 20.490759
-129.000000, -65.000076
-129.000000, -65.000076
-129.000000, -65.000076
-129.000000, -65.000076
-112.500000, 4.496100
-108.500000, 10.509600
-105.500000, 11.501522
-95.500000, 10.509600
-99.500000, 14.477274
-80.500000, 9.517676
-75.500000, 9.517676
-90.500000, 18.506929
-73.500000, 11.501522
-68.500000, 11.501522
-77.500000, 19.498852
-87.500000, 23.528507
-61.500000, 12.493429
-72.500000, 20.490759
-56.500000, 11.501522
-59.500000, 15.469182
-70.500000, 22.474604
-49.500000, 10.509600
-52.500000, 15.469182
-52.500000, 17.515007
-47.500000, 13.485352
-49.500000, 16.523100
-61.500000, 25.512337
-41.500000, 12.493429
-51.500000, 22.474604
-49.500000, 21.482679
-39.500000, 14.477274
-38.500000, 15.469182
-35.500000, 13.485352
-31.500000, 9.517676
-38.500000, 18.506929
-41.500000, 21.482679
-34.500000, 16.523100
-38.500000, 21.482679
-24.500000, 7.471852
-28.500000, 14.477274
-25.500000, 12.493429
-22.500000, 8.525770
-34.500000, 22.474604
-24.500000, 14.477274
-27.500000, 18.506929
-22.500000, 13.485352
-22.500000, 15.469182
-18.500000, 10.509600
-23.500000, 17.515007
-17.500000, 11.501522
-28.500000, 23.528507
-18.500000, 14.477274
-23.500000, 20.490759
-14.500000, 11.501522
-13.500000, 10.509600
-13.500000, 11.501522
-15.500000, 15.469182
-17.500000, 18.506929
-16.500000, 17.515007
-27.500000, 27.496180
-10.500000, 13.485352
-13.500000, 17.515007
-9.500000, 12.493429
-10.500000, 15.469182
-9.500000, 14.477274
-15.500000, 22.474604
-16.500000, 23.528507
-27.500000, 31.525833
-4.500000, 12.493429
-5.500000, 14.477274
-3.500000, 11.501522
-9.500000, 19.498852
-3.500000, 13.485352
-0.500000, 9.517676
-4.500000, 17.515007
-3.500000, 16.523100
-1.500000, 15.469182
1.500000, 11.501522
-3.500000, 19.498852
-0.500000, 16.523100
3.500000, 10.509600
0.500000, 16.523100
1.500000, 15.469182
-3.500000, 23.528507
0.500000, 19.498852
-1.500000, 22.474604
4.500000, 16.523100
0.500000, 21.482679
5.500000, 15.469182
2.500000, 20.490759
-6.500000, 28.488087
4.500000, 19.498852
8.500000, 15.469182
9.500000, 14.477274
12.500000, 11.501522
10.500000, 16.523100
5.500000, 22.474604
-5.500000, 32.517757
-6.500000, 33.509666
13.500000, 16.523100
13.500000, 17.515007
11.500000, 20.490759
16.500000, 14.477274
16.500000, 15.469182
9.500000, 24.520428
16.500000, 17.515007
17.500000, 18.506929
16.500000, 20.490759
8.500000, 28.488087
21.500000, 14.477274
-8.500000, 40.515083
22.500000, 16.523100
19.500000, 22.474604
20.500000, 21.482679
18.500000, 24.520428
11.500000, 31.525833
16.500000, 28.488087
28.500000, 14.477274
26.500000, 19.498852
24.500000, 22.474604
24.500000, 24.520428
30.500000, 17.515007
18.500000, 31.525833
28.500000, 22.474604
8.500000, 39.523167
26.500000, 27.496180
24.500000, 29.480009
35.500000, 18.506929
33.500000, 22.474604
35.500000, 20.490759
22.500000, 34.501587
35.500000, 24.520428
41.500000, 17.515007
44.500000, 12.493429
41.500000, 20.490759
1.500000, 50.496246
42.500000, 22.474604
41.500000, 25.512337
34.500000, 33.509666
36.500000, 32.517757
45.500000, 25.512337
35.500000, 36.485416
30.500000, 40.515083
53.500000, 19.498852
52.500000, 24.520428
40.500000, 37.477333
34.500000, 42.498917
49.500000, 32.517757
19.500000, 52.480072
46.500000, 36.485416
64.500000, 19.498852
56.500000, 30.471933
56.500000, 32.517757
52.500000, 37.477333
38.500000, 49.504337
46.500000, 44.482746
45.500000, 47.520493
77.500000, 14.477274
59.500000, 40.515083
81.500000, 14.477274
57.500000, 45.474670
70.500000, 36.485416
75.500000, 33.509666
80.500000, 30.471933
76.500000, 35.493507
74.500000, 40.515083
85.500000, 33.509666
79.500000, 42.498917
100.500000, 20.490759
92.500000, 35.493507
102.500000, 25.512337
101.500000, 33.509666
111.500000, 21.482679
115.500000, 23.528507
-129.000000, -65.000076
-129.000000, -65.000076
-129.000000, -65.000076
-129.000000, -65.000076
-113.500000, 7.471852
-115.500000, 9.517676
-110.500000, 14.477274
-99.500000, 11.501522
-103.500000, 17.515007
-86.500000, 13.485352
-79.500000, 11.501522
-100.500000, 21.482679
-77.500000, 15.469182
-79.500000, 18.506929
-71.500000, 14.477274
-102.500000, 26.504259
-64.500000, 14.477274
-78.500000, 22.474604
-57.500000, 13.485352
-61.500000, 17.515007
-83.500000, 27.496180
-62.500000, 20.490759
-57.500000, 18.506929
-62.500000, 22.474604
-55.500000, 20.490759
-51.500000, 18.506929
-57.500000, 22.474604
-45.500000, 16.523100
-67.500000, 29.480009
-73.500000, 31.525833
-44.500000, 19.498852
-41.500000, 18.506929
-33.500000, 11.501522
-37.500000, 16.523100
-47.500000, 24.520428
-44.500000, 23.528507
-47.500000, 26.504259
-82.500000, 38.469257
-26.500000, 11.501522
-31.500000, 17.515007
-32.500000, 19.498852
-28.500000, 16.523100
-50.500000, 31.525833
-41.500000, 27.496180
-32.500000, 22.474604
-30.500000, 21.482679
-27.500000, 20.490759
-24.500000, 18.506929
-19.500000, 13.485352
-26.500000, 21.482679
-32.500000, 26.504259
-28.500000, 24.520428
-20.500000, 18.506929
-33.500000, 28.488087
-15.500000, 13.485352
-23.500000, 23.528507
-24.500000, 24.520428
-19.500000, 20.490759
-34.500000, 31.525833
-45.500000, 36.485416
-19.500000, 22.474604
-16.500000, 20.490759
-11.500000, 16.523100
-14.500000, 20.490759
-11.500000, 17.515007
-25.500000, 29.480009
-45.500000, 39.523167
-35.500000, 35.493507
-5.500000, 13.485352
-6.500000, 15.469182
-16.500000, 25.512337
-11.500000, 22.474604
-5.500000, 16.523100
-12.500000, 24.520428
-6.500000, 19.498852
-8.500000, 21.482679
-22.500000, 32.517757
-10.500000, 25.512337
-5.500000, 21.482679
-1.500000, 17.515007
-6.500000, 23.528507
-2.500000, 20.490759
-34.500000, 40.515083
-2.500000, 21.482679
-7.500000, 26.504259
-23.500000, 36.485416
-1.500000, 23.528507
-3.500000, 25.512337
-4.500000, 26.504259
-9.500000, 30.471933
1.500000, 22.474604
3.500000, 21.482679
6.500000, 18.506929
7.500000, 17.515007
11.500000, 13.485352
3.500000, 24.520428
-3.500000, 30.471933
-9.500000, 34.501587
-15.500000, 38.469257
5.500000, 25.512337
2.500000, 28.488087
7.500000, 24.520428
13.500000, 19.498852
-0.500000, 32.517757
2.500000, 30.471933
9.500000, 25.512337
3.500000, 31.525833
6.500000, 29.480009
1.500000, 33.509666
15.500000, 22.474604
-14.500000, 43.490837
20.500000, 19.498852
17.500000, 23.528507
11.500000, 30.471933
16.500000, 26.504259
6.500000, 34.501587
9.500000, 33.509666
-14.500000, 46.528587
27.500000, 17.515007
7.500000, 36.485416
3.500000, 39.523167
12.500000, 34.501587
25.500000, 25.512337
16.500000, 33.509666
2.500000, 43.490837
16.500000, 35.493507
20.500000, 33.509666
31.500000, 23.528507
33.500000, 21.482679
7.500000, 43.490837
18.500000, 37.477333
13.500000, 41.506992
28.500000, 31.525833
40.500000, 18.506929
35.500000, 27.496180
-2.500000, 52.480072
34.500000, 30.471933
40.500000, 26.504259
31.500000, 36.485416
-18.500000, 60.477413
14.500000, 48.512417
26.500000, 42.498917
23.500000, 44.482746
52.500000, 21.482679
41.500000, 34.501587
37.500000, 39.523167
28.500000, 45.474670
31.500000, 44.482746
8.500000, 57.501663
44.500000, 39.523167
62.500000, 21.482679
48.500000, 37.477333
40.500000, 44.482746
47.500000, 41.506992
40.500000, 47.520493
24.500000, 57.501663
42.500000, 49.504337
74.500000, 21.482679
54.500000, 44.482746
75.500000, 25.512337
49.500000, 50.496246
67.500000, 39.523167
65.500000, 42.498917
72.500000, 38.469257
63.500000, 46.528587
79.500000, 37.477333
71.500000, 44.482746
73.500000, 46.528587
96.500000, 26.504259
85.500000, 41.506992
99.500000, 30.471933
98.500000, 36.485416
109.500000, 24.520428
114.500000, 26.504259
-129.000000, -65.000076
-129.000000, -65.000076
-129.000000, -65.000076
-129.000000, -65.000076
-123.500000, 3.504193
-119.500000, 11.501522
-114.500000, 13.485352
-105.500000, 13.485352
-111.500000, 18.506929
-88.500000, 15.469182
-81.500000, 13.485352
-105.500000, 22.474604
-89.500000, 20.490759
-83.500000, 20.490759
-96.500000, 24.520428
-112.500000, 28.488087
-66.500000, 15.469182
-82.500000, 24.520428
-67.500000, 20.490759
-77.500000, 25.512337
-90.500000, 29.480009
-65.500000, 22.474604
-85.500000, 29.480009
-69.500000, 25.512337
-79.500000, 29.480009
-102.500000, 35.493507
-84.500000, 32.517757
-48.500000, 18.506929
-79.500000, 32.517757
-54.500000, 24.520428
-57.500000, 26.504259
-45.500000, 20.490759
-92.500000, 37.477333
-55.500000, 28.488087
-75.500000, 35.493507
-51.500000, 27.496180
-60.500000, 31.525833
-88.500000, 39.523167
-33.500000, 18.506929
-39.500000, 23.528507
-43.500000, 26.504259
-40.500000, 25.512337
-65.500000, 36.485416
-58.500000, 34.501587
-37.500000, 25.512337
-77.500000, 40.515083
-67.500000, 38.469257
-33.500000, 24.520428
-37.500000, 28.488087
-45.500000, 32.517757
-38.500000, 29.480009
-57.500000, 37.477333
-78.500000, 43.490837
-68.500000, 41.506992
-22.500000, 21.482679
-39.500000, 32.517757
-73.500000, 43.490837
-30.500000, 28.488087
-42.500000, 34.501587
-60.500000, 41.506992
-24.500000, 26.504259
-14.500000, 19.498852
-29.500000, 30.471933
-19.500000, 24.520428
-20.500000, 25.512337
-33.500000, 33.509666
-58.500000, 43.490837
-48.500000, 40.515083
-11.500000, 20.490759
-8.500000, 17.515007
-21.500000, 29.480009
-81.500000, 49.504337
-39.500000, 38.469257
-28.500000, 34.501587
-13.500000, 25.512337
-15.500000, 27.496180
-28.500000, 35.493507
-16.500000, 29.480009
-31.500000, 37.477333
-8.500000, 24.520428
-18.500000, 31.525833
-10.500000, 27.496180
-55.500000, 47.520493
-44.500000, 44.482746
-37.500000, 42.498917
-27.500000, 38.469257
-10.500000, 29.480009
-17.500000, 34.501587
-12.500000, 32.517757
-38.500000, 44.482746
-13.500000, 33.509666
-0.500000, 24.520428
-23.500000, 39.523167
-18.500000, 37.477333
10.500000, 14.477274
0.500000, 26.504259
-40.500000, 47.520493
-13.500000, 36.485416
-44.500000, 49.504337
-23.500000, 42.498917
-27.500000, 44.482746
-17.500000, 40.515083
10.500000, 22.474604
-11.500000, 38.469257
-6.500000, 36.485416
7.500000, 27.496180
-1.500000, 34.501587
-2.500000, 35.493507
-54.500000, 55.517822
-1.500000, 36.485416
-21.500000, 46.528587
11.500000, 28.488087
7.500000, 32.517757
2.500000, 36.485416
-8.500000, 42.498917
0.500000, 38.469257
-19.500000, 48.512417
14.500000, 30.471933
24.500000, 21.482679
5.500000, 37.477333
-3.500000, 43.490837
-13.500000, 48.512417
0.500000, 42.498917
3.500000, 41.506992
-22.500000, 53.471996
-7.500000, 48.512417
12.500000, 38.469257
23.500000, 31.525833
30.500000, 26.504259
1.500000, 46.528587
-1.500000, 48.512417
-4.500000, 50.496246
26.500000, 33.509666
18.500000, 40.515083
25.500000, 36.485416
-7.500000, 54.525921
23.500000, 39.523167
33.500000, 32.517757
20.500000, 43.490837
17.500000, 45.474670
2.500000, 53.471996
9.500000, 51.488171
-6.500000, 58.493576
38.500000, 35.493507
34.500000, 39.523167
24.500000, 47.520493
15.500000, 52.480072
21.500000, 50.496246
4.500000, 59.485493
39.500000, 42.498917
59.500000, 25.512337
27.500000, 51.488171
32.500000, 49.504337
26.500000, 54.525921
35.500000, 51.488171
17.500000, 60.477413
32.500000, 54.525921
69.500000, 27.496180
33.500000, 56.509747
50.500000, 47.520493
39.500000, 55.517822
35.500000, 59.485493
44.500000, 56.509747
58.500000, 49.504337
55.500000, 52.480072
64.500000, 49.504337
58.500000, 55.517822
70.500000, 48.512417
86.500000, 37.477333
78.500000, 48.512417
82.500000, 46.528587
93.500000, 39.523167
107.500000, 29.480009
112.500000, 29.480009
-129.000000, -65.000076
-129.000000, -65.000076
-129.000000, -65.000076
-129.000000, -65.000076
-121.500000, 6.479944
-93.500000, -0.525477
-120.500000, 14.477274
-118.500000, 17.515007
-119.500000, 20.490759
-93.500000, 15.469182
-98.500000, 19.498852
-111.500000, 23.528507
-94.500000, 21.482679
-61.500000, -0.525477
-107.500000, 27.496180
-57.500000, -0.525477
-89.500000, 25.512337
-53.500000, -0.525477
-97.500000, 29.480009
-73.500000, 23.528507
-103.500000, 31.525833
-44.500000, -0.525477
-108.500000, 33.509666
-97.500000, 33.509666
-91.500000, 32.517757
-72.500000, 28.488087
-37.500000, -0.525477
-65.500000, 27.496180
-34.500000, -0.525477
-61.500000, 27.496180
-87.500000, 35.493507
-63.500000, 29.480009
-97.500000, 38.469257
-80.500000, 35.493507
-27.500000, -0.525477
-70.500000, 34.501587
-65.500000, 33.509666
-24.500000, -0.525477
-35.500000, 20.490759
-54.500000, 31.525833
-49.500000, 29.480009
-45.500000, 28.488087
-19.500000, -0.525477
-72.500000, 38.469257
-88.500000, 42.498917
-82.500000, 41.506992
-16.500000, -0.525477
-43.500000, 30.471933
-49.500000, 33.509666
-13.500000, -0.525477
-61.500000, 38.469257
-53.500000, 36.485416
-11.500000, -0.525477
-90.500000, 45.474670
-10.500000, -0.525477
-84.500000, 45.474670
-8.500000, -0.525477
-50.500000, 37.477333
-7.500000, -0.525477
-77.500000, 45.474670
-52.500000, 39.523167
-5.500000, -0.525477
-40.500000, 35.493507
-4.500000, -0.525477
-3.500000, -0.525477
-68.500000, 45.474670
-2.500000, -0.525477
-63.500000, 44.482746
-53.500000, 42.498917
-0.500000, -0.525477
-29.500000, 33.509666
0.500000, -0.525477
1.500000, -0.525477
-55.500000, 44.482746
-71.500000, 48.512417
3.500000, -0.525477
-42.500000, 41.506992
-49.500000, 44.482746
5.500000, -0.525477
-23.500000, 34.501587
6.500000, -0.525477
-15.500000, 30.471933
-60.500000, 48.512417
8.500000, -0.525477
-49.500000, 46.528587
9.500000, -0.525477
-23.500000, 37.477333
-66.500000, 51.488171
11.500000, -0.525477
-56.500000, 49.504337
-34.500000, 43.490837
13.500000, -0.525477
-28.500000, 41.506992
-58.500000, 51.488171
15.500000, -0.525477
-1.500000, 28.488087
-50.500000, 50.496246
17.500000, -0.525477
-65.500000, 54.525921
18.500000, -0.525477
19.500000, -0.525477
-19.500000, 41.506992
-33.500000, 47.520493
21.500000, -0.525477
-20.500000, 43.490837
-50.500000, 53.471996
23.500000, -0.525477
-37.500000, 50.496246
25.500000, -0.525477
-11.500000, 41.506992
-27.500000, 48.512417
-42.500000, 53.471996
-4.500000, 39.523167
29.500000, -0.525477
-49.500000, 56.509747
-26.500000, 50.496246
-30.500000, 52.480072
-36.500000, 54.525921
-0.500000, 41.506992
34.500000, -0.525477
-7.500000, 45.474670
-44.500000, 58.493576
-19.500000, 51.488171
-36.500000, 57.501663
-28.500000, 55.517822
40.500000, -0.525477
-2.500000, 46.528587
-36.500000, 59.485493
27.500000, 29.480009
-12.500000, 52.480072
-22.500000, 56.509747
-17.500000, 55.517822
-28.500000, 59.485493
-34.500000, 61.469330
6.500000, 47.520493
50.500000, -0.525477
-12.500000, 56.509747
22.500000, 41.506992
-25.500000, 62.523232
54.500000, -0.525477
-1.500000, 55.517822
-11.500000, 59.485493
-14.500000, 61.469330
19.500000, 47.520493
-15.500000, 63.515156
0.500000, 58.493576
8.500000, 55.517822
-7.500000, 62.523232
66.500000, -0.525477
33.500000, 46.528587
17.500000, 55.517822
-1.500000, 63.515156
14.500000, 58.493576
4.500000, 63.515156
11.500000, 61.469330
78.500000, -0.525477
10.500000, 63.515156
15.500000, 63.515156
23.500000, 60.477413
41.500000, 52.480072
86.500000, -0.525477
30.500000, 61.469330
91.500000, -0.525477
40.500000, 59.485493
50.500000, 54.525921
52.500000, 56.509747
48.500000, 59.485493
64.500000, 53.471996
78.500000, 44.482746
73.500000, 50.496246
112.500000, -0.525477
88.500000, 46.528587
101.500000, 38.469257
107.500000, 34.501587
